0.182009
0.157869
0.156329
0.154145
0.160323
0.156573
0.157607
0.155062
0.153108
0.152651
0.149465
0.146649
0.144596
0.144787
0.144330
0.142727
0.140945
0.143523
0.143851
0.144631
0.148694
0.145939
0.143014
0.145165
0.143528
0.144020
0.141988
0.141351
0.142349
0.152202
0.151166
0.144588
0.143796
0.141438
0.141131
0.143481
0.140861
0.140904
0.141640
0.140752
0.140985
0.140261
0.141761
0.139651
0.142128
0.140281
0.139007
0.140313
0.140862
0.140322
0.138294
0.137104
0.137431
0.136888
0.136942
0.136608
0.136784
0.137077
0.136860
0.137018
0.137058
0.136537
0.136756
0.136195
0.136726
0.137575
0.136947
0.136510
0.136916
0.137227
0.136526
0.137069
0.136919
0.137089
0.136895
0.136763
0.136970
0.137233
0.136598
0.135968
0.137248
0.137023
0.137000
0.136920
0.136661
0.136361
0.136373
0.136287
0.136363
0.136961
0.136370
0.137280
0.136602
0.136768
0.136407
0.136783
0.136259
0.135807
0.136659
0.137051
0.137274
0.137891
0.137062
0.137108
0.137368
0.138401
0.137857
0.137155
0.137315
0.136823
0.137127
0.136629
0.137952
0.136198
0.137238
0.137604
0.136785
0.136719
0.136795
0.136350
0.136322
0.137289
0.136569
0.137217
0.136427
0.136176
0.137457
0.137331
0.136360
0.136501
0.136856
0.137951
0.137189
0.136553
0.136377
0.137204
0.135655
0.136005
0.136955
0.137883
0.136642
0.136402
0.136500
0.135985
0.136752
0.136544
0.135888
0.136454
0.136238
0.136519
0.135895
0.136705
0.135727
0.135482
0.135659
0.136173
0.135999
0.136693
0.135508
0.136229
0.136464
0.135894
0.135619
0.136079
0.136029
0.136188
0.136130
0.135510
0.136237
0.136287
0.136616
0.135488
0.135895
0.135834
0.136470
0.136160
0.135229
0.135321
0.136707
0.136326
0.135689
0.136291
0.136267
0.135445
0.135669
0.135829
0.136083
0.135669
0.135803
0.135425
0.135714
0.136901
0.135556
0.136281
0.135719
0.135594
0.136378
0.135624
0.135526
0.135394
0.135168
0.134985
0.134622
0.135024
0.135221
0.134905
0.135095
0.134959
0.134847
0.135047
0.134790
0.134602
0.134968
0.134773
0.134706
0.135022
0.134858
0.134813
0.134960
0.134936
0.134694
0.134741
0.134911
0.134811
0.134718
0.134675
0.134694
0.134908
0.134550
0.134819
0.134826
0.134791
0.134972
0.134472
0.134863
0.134714
0.134723
0.134731
0.134833
0.134714
0.134861
0.134801
0.134684
0.134784
0.134640
0.134693
0.134677
0.135986
0.134725
0.134862
0.134983
0.134808
0.134917
0.134665
0.134583
0.134608
0.134785
0.134738
0.134601
0.134472
0.134803
0.134713
0.134845
0.134904
0.134453
0.134660
0.134571
0.134750
0.134905
0.134656
0.134716
0.134753
0.134742
0.134631
0.134691
0.134606
0.134765
0.134667
0.134626
0.134682
0.134723
0.134907
0.134728
0.134748
0.134843
0.134771
0.135201
0.134804
0.134641
0.134793
0.134793
0.134671
0.134749
0.134661
0.135111
0.134648
0.134549
0.134626
0.134830
0.134838
0.134842
0.134609
0.134598
0.134811
0.134444
0.134565
0.134733
0.134632
0.134515
0.134642
0.134754
0.134670
0.134549
0.134648
0.134642
0.134549
0.134612
0.134582
0.134599
0.134678
0.134641
0.134923
0.134557
0.134473
0.134514
0.134596
0.134646
0.134498
0.134502
0.134639
0.134534
0.134600
0.134696
0.134641
0.134398
0.134622
0.134801
0.134844
0.134770
0.134613
0.134545
0.134570
0.134443
0.134531
0.134561
0.134617
0.134612
0.134508
0.134546
0.134789
0.134510
0.134504
0.134506
0.134383
0.134758
0.134639
0.134701
0.134410
0.134389
0.134502
0.134715
0.134580
0.134563
0.134707
0.134530
0.134483
0.134722
0.134541
0.134619
0.134573
0.134452
0.134584
0.134671
0.134517
0.134664
0.134418
0.134487
0.134404
0.134502
0.134596
0.134396
0.134534
0.134642
0.134361
0.134822
0.134672
0.134681
0.134323
0.134409
0.134701
0.134418
0.134401
0.134459
0.134782
0.134449
0.134724
0.134697
0.134573
0.134629
0.134591
0.134466
0.134561
0.134536
0.134312
0.134457
0.134632
0.134430
0.134351
0.134452
0.134419
0.134433
0.134459
0.134468
0.134456
0.134611
0.134525
0.134672
0.134414
0.134522
0.134486
0.134545
0.134330
0.134437
0.134409
0.134429
0.134494
0.134353
0.134522
0.134461
0.134650
0.134428
0.134433
0.134661
0.134538
0.134267
0.134469
0.134439
0.134423
0.134533
0.134791
0.134544
0.134404
0.134359
0.134480
0.134294
0.134606
0.134299
0.134539
0.134528
0.134375
0.134481
0.134440
0.134371
0.134374
0.134459
0.134623
0.134202
0.134332
0.134231
0.134481
0.134517
0.134500
0.134390
0.134637
0.134389
0.134317
0.134247
0.134279
0.134534
0.134234
0.134296
0.134436
0.134455
0.134527
0.134413
0.134435
0.134302
0.134281
0.134446
0.134360
0.134438
0.134501
0.134389
0.134721
0.134538
0.134373
0.134309
0.134309
0.134428
0.134393
0.134372
0.134405
0.134420
0.134310
0.134331
0.134330
0.134413
0.134503
0.134330
0.134451
0.134238
0.134474
0.134402
0.134405
0.134322
0.134331
0.134395
0.134178
0.134474
0.134328
0.134353
0.134362
0.134493
0.134579
0.134254
0.134269
0.134314
0.134314
0.134289
0.134364
0.134206
0.134425
0.134266
0.134220
0.134387
0.134446
0.134272
0.134315
0.134476
0.134260
0.134317
0.134223
0.134331
0.134298
0.134470
0.134241
0.134466
0.134222
0.134452
0.134257
0.134339
0.134251
0.134396
0.134151
0.134437
0.134386
0.134323
0.134397
0.134300
0.134274
0.134341
0.134386
0.134222
0.134221
0.134483
0.134316
0.134236
0.134260
0.134347
0.134410
0.134318
0.134328
0.134294
0.134235
0.134264
0.134197
0.134426
0.134328
0.134282
0.134344
0.134228
0.134371
0.134396
0.134602
0.134420
0.134194
0.134136
0.134246
0.134353
0.134088
0.134201
0.134358
0.134279
0.134347
0.134180
0.134434
0.134504
0.134492
0.134569
0.134337
0.134259
0.134428
0.134301
0.134339
0.134268
0.134185
0.134257
0.134371
0.134394
0.134273
0.134224
0.134208
0.134204
0.134106
0.134342
0.134180
0.134141
0.134205
0.134249
0.134323
0.134249
0.134227
0.134162
0.134205
0.134347
0.134222
0.134187
0.134159
0.134208
0.134140
0.134190
0.134235
0.134124
0.134244
0.134313
0.134218
0.134151
0.134168
0.134370
0.134294
0.134180
0.134309
0.134109
0.134154
0.134167
0.134200
0.134287
0.134254
0.134194
0.134229
0.134145
0.134373
0.134221
0.134221
0.134259
0.134152
0.134334
0.134246
0.134278
0.134277
0.134234
0.134080
0.134151
0.134105
0.133982
0.134258
0.134351
0.134469
0.134105
0.134127
0.134312
0.134313
0.134184
0.134142
0.134153
0.134203
0.134114
0.134202
0.134276
0.134281
0.134199
0.134177
0.134141
0.134251
0.134239
0.134214
0.134190
0.134176
0.134321
0.134139
0.134137
0.134263
0.134306
0.134208
0.134228
0.134149
0.134243
0.134386
0.134099
0.134125
0.134350
0.134189
0.134201
0.134207
0.134158
0.134158
0.134331
0.134134
0.134137
0.134288
0.134217
0.134190
0.134198
0.134182
0.134116
0.134214
0.134215
0.134207
0.134222
0.134067
0.134275
0.134126
0.134112
0.134146
0.134183
0.134212
0.134055
0.134248
0.134467
0.134375
0.134187
0.134268
0.134069
0.134234
0.134169
0.134351
0.134206
0.134455
0.134160
0.134160
0.134014
0.134238
0.134162
0.134355
0.134146
0.134136
0.134230
0.134083
0.134208
0.134196
0.134202
0.134334
0.134201
0.134262
0.134175
0.134249
0.134203
0.134087
0.134116
0.134287
0.134106
0.134486
0.134492
0.134162
0.134160
0.134219
0.134120
0.134098
0.134249
0.134122
0.134068
0.134129
0.134175
0.134301
0.134065
0.134183
0.134157
0.134206
0.134209
0.134236
0.134138
0.134208
0.134220
0.134260
0.134236
0.134308
0.134176
0.134134
0.134158
0.134176
0.134011
0.134531
0.134096
0.134247
0.134125
0.134137
0.134280
0.134207
0.134159
0.134110
0.134081
0.134303
0.134145
0.134099
0.134254
0.134112
0.134107
0.134252
0.134379
0.134423
0.134166
0.134231
0.134229
0.134109
0.134298
0.134210
0.134219
0.134242
0.134127
0.134135
0.134079
0.134222
0.134188
0.134277
0.134120
0.134169
0.134235
0.134217
0.134170
0.134174
0.134302
0.134058
0.134274
0.134420
0.134164
0.134168
0.134115
0.134234
0.134125
0.134090
0.134200
0.134291
0.134107
0.134122
0.134117
0.134082
0.134240
0.134136
0.134310
0.134137
0.134211
0.134022
0.134256
0.134282
0.134181
0.134199
0.134274
0.134298
0.134167
0.134087
0.134165
0.134256
0.134019
0.134288
0.134110
0.134161
0.134242
0.134171
0.134372
0.134120
0.134300
0.134259
0.134199
0.134117
0.134156
0.134304
0.134260
0.134391
0.134204
0.134230
0.134124
0.134080
0.134149
0.134099
0.134169
0.134219
0.134147
0.134131
0.134014
0.134377
0.134190
0.134037
0.134172
0.134255
0.134175
0.134290
0.134145
0.134065
0.134068
0.134292
0.134232
0.134085
0.134211
0.134292
0.134126
0.134043
0.134176
0.134037
0.134257
0.134264
0.134106
0.134054
0.134211
0.134019
0.134075
0.134232
0.134193
0.134107
0.134156
0.134149
0.134166
0.134088
0.134168
0.134223
0.134074
0.134128
0.134295
0.134222
0.134171
0.134064
0.134078
0.134348
0.134130
0.134258
0.134127
0.134140
0.134259
0.134049
0.134108
0.134202
0.134265
0.134186
0.134071
0.134052
0.134216
0.134196
0.134216
0.134246
0.134287
0.134308
0.134242
0.134353
0.134132
0.134176
0.134127
0.134119
0.134352
0.134188
0.134068
0.134139
0.134206
0.134160
0.134110
0.134237
0.134157
0.134143
0.134173
0.134156
0.134171
0.134315
0.134094
0.134143
0.134252
0.134159
0.134138
0.134269
0.134170
0.134152
0.134066
0.134126
0.134165
0.134232
0.134402
0.134115
0.134104
0.134104
0.134129
0.134066
0.134127
0.134155
0.134126
0.134162
0.134080
0.134127
0.134210
0.134174
0.134120
0.134184
0.134089
0.134071
0.134171
0.134179
0.134210
0.134173
0.134226
0.134175
0.134230
0.134039
0.134236
0.134333
