0.188053
0.166275
0.182649
0.164150
0.161182
0.178067
0.162399
0.164478
0.157225
0.164819
0.152579
0.182385
0.151887
0.156469
0.156413
0.157697
0.144894
0.149610
0.148746
0.154557
0.148085
0.161508
0.152726
0.148846
0.156088
0.149966
0.144498
0.143482
0.145448
0.259442
0.157568
0.152338
0.142531
0.142927
0.150265
0.145725
0.146381
0.142960
0.141702
0.145815
0.142814
0.144019
0.141280
0.143351
0.151156
0.139105
0.145854
0.159058
0.144489
0.143843
0.138314
0.141795
0.142590
0.138952
0.137707
0.138619
0.137659
0.139058
0.138722
0.138184
0.138272
0.139671
0.139067
0.140590
0.137918
0.142856
0.139753
0.137645
0.142067
0.138631
0.138331
0.139288
0.139023
0.141969
0.138075
0.137251
0.138919
0.139752
0.137518
0.138737
0.138822
0.137398
0.139001
0.139841
0.138030
0.137919
0.139592
0.140229
0.137351
0.137827
0.138273
0.140427
0.137592
0.139000
0.139048
0.138020
0.138656
0.138797
0.141449
0.137649
0.138490
0.138343
0.138894
0.142338
0.143859
0.139937
0.138468
0.143161
0.137930
0.138676
0.137998
0.138847
0.137981
0.139004
0.141180
0.139239
0.137554
0.138001
0.138150
0.137440
0.137442
0.138177
0.139399
0.138443
0.138596
0.139736
0.139395
0.138849
0.139773
0.137413
0.140486
0.139256
0.139132
0.137662
0.137438
0.138272
0.137004
0.137742
0.141340
0.137287
0.138135
0.142643
0.138909
0.137831
0.138591
0.137237
0.142878
0.138749
0.141938
0.137248
0.137790
0.138769
0.138850
0.137199
0.137628
0.137967
0.137695
0.137269
0.139000
0.137629
0.138008
0.137096
0.137847
0.141930
0.138644
0.141561
0.137403
0.142111
0.137556
0.137689
0.137272
0.137654
0.137804
0.137134
0.137585
0.137071
0.136900
0.138140
0.142243
0.136970
0.140510
0.142636
0.140427
0.138766
0.137174
0.137845
0.139263
0.137675
0.139227
0.137309
0.144188
0.139041
0.137380
0.137900
0.137730
0.137262
0.138676
0.137670
0.139036
0.138240
0.136749
0.136968
0.136806
0.137321
0.136760
0.136824
0.136798
0.136783
0.136671
0.136843
0.136844
0.136867
0.136753
0.136964
0.136728
0.136680
0.136740
0.136780
0.136702
0.136743
0.136729
0.136785
0.136718
0.136710
0.136733
0.136746
0.136657
0.136839
0.136759
0.137042
0.136742
0.136700
0.136912
0.136655
0.136847
0.136801
0.136689
0.136661
0.136718
0.136651
0.136791
0.136816
0.136600
0.136937
0.136802
0.136918
0.136660
0.137549
0.137304
0.136685
0.136830
0.136756
0.136839
0.136780
0.136751
0.136680
0.136852
0.136721
0.136717
0.136696
0.136736
0.136648
0.136681
0.136755
0.136956
0.136663
0.136667
0.136759
0.136735
0.137132
0.136705
0.136711
0.136734
0.136619
0.136832
0.136849
0.136839
0.136783
0.136646
0.136743
0.136734
0.136703
0.136659
0.136605
0.136685
0.136917
0.137229
0.136706
0.136594
0.136822
0.136660
0.136750
0.136571
0.136809
0.137002
0.136647
0.136849
0.136722
0.136986
0.136589
0.136687
0.136645
0.137239
0.136782
0.136688
0.136716
0.136849
0.136647
0.136613
0.136717
0.136746
0.136737
0.136718
0.136648
0.136698
0.136588
0.137254
0.137041
0.136618
0.136953
0.136764
0.136687
0.136607
0.136893
0.136738
0.136824
0.136614
0.136612
0.136558
0.136646
0.136617
0.136605
0.136747
0.136554
0.136576
0.136860
0.136576
0.136740
0.136650
0.136811
0.136627
0.136570
0.136548
0.136895
0.136666
0.136708
0.136611
0.137011
0.136623
0.137386
0.136532
0.136513
0.136634
0.136574
0.136927
0.136982
0.136582
0.136719
0.136598
0.136660
0.136649
0.136827
0.136705
0.136764
0.136639
0.136602
0.136640
0.136678
0.136552
0.136616
0.136619
0.136667
0.136640
0.136590
0.136582
0.136700
0.136648
0.136795
0.136608
0.136635
0.136551
0.136672
0.136576
0.136863
0.137140
0.136532
0.136604
0.136534
0.136529
0.136948
0.136548
0.136552
0.136774
0.136900
0.136579
0.136694
0.136604
0.137794
0.136505
0.136570
0.136656
0.136869
0.136604
0.136465
0.136576
0.136520
0.136685
0.136680
0.136813
0.136640
0.136508
0.136558
0.136669
0.136513
0.136541
0.136785
0.136662
0.136515
0.136621
0.136567
0.136582
0.136788
0.137054
0.136616
0.136637
0.137319
0.136542
0.136530
0.136987
0.136797
0.136746
0.136493
0.136573
0.136531
0.136544
0.136643
0.136767
0.136574
0.136740
0.136827
0.136593
0.136615
0.136643
0.136695
0.136517
0.136528
0.136571
0.136502
0.136668
0.136548
0.136596
0.136550
0.136616
0.136768
0.136460
0.137055
0.136504
0.136465
0.136545
0.136462
0.136777
0.136557
0.136622
0.136493
0.136413
0.136568
0.136649
0.136504
0.136738
0.136459
0.136515
0.136454
0.136739
0.136465
0.136555
0.136504
0.136492
0.136486
0.136502
0.136484
0.136780
0.136428
0.136654
0.137289
0.136457
0.136457
0.136554
0.136373
0.136524
0.136793
0.136446
0.136687
0.136456
0.136962
0.136744
0.136583
0.136497
0.136804
0.136356
0.136820
0.136483
0.136474
0.136524
0.136401
0.136495
0.136607
0.136512
0.136480
0.136632
0.136620
0.136445
0.136523
0.136576
0.136755
0.136587
0.136405
0.136468
0.136658
0.136461
0.136830
0.136638
0.136389
0.136401
0.136433
0.136515
0.136570
0.136559
0.136478
0.136515
0.136456
0.136359
0.136440
0.136410
0.136552
0.136445
0.136364
0.136960
0.136455
0.136460
0.136957
0.136455
0.136383
0.136659
0.136496
0.136414
0.136499
0.136383
0.136415
0.136927
0.136447
0.136567
0.136493
0.136436
0.136475
0.136488
0.136413
0.136375
0.136570
0.136410
0.136439
0.136782
0.136409
0.136492
0.136394
0.136548
0.136786
0.136576
0.136575
0.136378
0.136519
0.136468
0.136533
0.136480
0.136343
0.136792
0.136502
0.136533
0.136398
0.136449
0.136495
0.136473
0.136406
0.136663
0.136326
0.136408
0.136391
0.136451
0.136612
0.136684
0.136483
0.136468
0.136395
0.136563
0.136724
0.136822
0.136743
0.136627
0.136907
0.136538
0.136443
0.136433
0.136404
0.136360
0.136360
0.136448
0.136389
0.136428
0.136426
0.136429
0.136373
0.136426
0.136396
0.136366
0.136427
0.136379
0.136436
0.136419
0.136481
0.136383
0.136344
0.136404
0.136377
0.136376
0.136414
0.136408
0.136435
0.136370
0.136370
0.136393
0.136395
0.136427
0.136422
0.136404
0.136523
0.136459
0.136346
0.136381
0.136399
0.136435
0.136540
0.136375
0.136416
0.136438
0.136362
0.136405
0.136456
0.136377
0.136335
0.136394
0.136390
0.136406
0.136430
0.136397
0.136412
0.136324
0.136346
0.136452
0.136463
0.136376
0.136358
0.136354
0.136385
0.136404
0.136468
0.136360
0.136502
0.136365
0.136431
0.136361
0.136334
0.136388
0.136364
0.136467
0.136362
0.136410
0.136362
0.136479
0.136370
0.136417
0.136324
0.136396
0.136370
0.136471
0.136319
0.136410
0.136360
0.136432
0.136372
0.136400
0.136360
0.136411
0.136451
0.136372
0.136394
0.136344
0.136336
0.136446
0.136392
0.136420
0.136393
0.136330
0.136410
0.136356
0.136384
0.136309
0.136318
0.136397
0.136386
0.136383
0.136460
0.136446
0.136328
0.136417
0.136384
0.136335
0.136356
0.136408
0.136371
0.136430
0.136320
0.136454
0.136462
0.136382
0.136323
0.136361
0.136430
0.136367
0.136392
0.136371
0.136337
0.136418
0.136410
0.136424
0.136351
0.136454
0.136380
0.136381
0.136398
0.136416
0.136408
0.136421
0.136361
0.136358
0.136311
0.136376
0.136328
0.136352
0.136396
0.136390
0.136387
0.136382
0.136474
0.136437
0.136467
0.136382
0.136404
0.136414
0.136348
0.136356
0.136351
0.136425
0.136393
0.136339
0.136371
0.136308
0.136443
0.136399
0.136429
0.136263
0.136367
0.136423
0.136390
0.136391
0.136387
0.136338
0.136379
0.136390
0.136349
0.136406
0.136382
0.136281
0.136427
0.136337
0.136383
0.136402
0.136407
0.136397
0.136413
0.136380
0.136331
0.136352
0.136423
0.136330
0.136334
0.136429
0.136411
0.136393
0.136403
0.136358
0.136333
0.136375
0.136411
0.136366
0.136357
0.136379
0.136376
0.136409
0.136389
0.136312
0.136364
0.136399
0.136374
0.136424
0.136358
0.136336
0.136378
0.136368
0.136432
0.136372
0.136295
0.136371
0.136355
0.136356
0.136423
0.136376
0.136294
0.136346
0.136350
0.136328
0.136419
0.136407
0.136416
0.136380
0.136328
0.136309
0.136317
0.136336
0.136315
0.136391
0.136341
0.136326
0.136340
0.136360
0.136364
0.136397
0.136414
0.136338
0.136409
0.136353
0.136370
0.136345
0.136361
0.136305
0.136365
0.136379
0.136397
0.136366
0.136295
0.136467
0.136407
0.136372
0.136354
0.136373
0.136327
0.136278
0.136359
0.136350
0.136430
0.136303
0.136370
0.136388
0.136280
0.136394
0.136358
0.136354
0.136340
0.136349
0.136349
0.136334
0.136394
0.136369
0.136343
0.136333
0.136310
0.136324
0.136377
0.136292
0.136329
0.136349
0.136354
0.136369
0.136306
0.136401
0.136382
0.136357
0.136364
0.136380
0.136324
0.136444
0.136350
0.136310
0.136367
0.136269
0.136313
0.136299
0.136360
0.136326
0.136275
0.136346
0.136369
0.136314
0.136332
0.136333
0.136344
0.136352
0.136420
0.136314
0.136328
0.136346
0.136283
0.136450
0.136334
0.136312
0.136382
0.136346
0.136319
0.136348
0.136308
0.136335
0.136347
0.136305
0.136372
0.136360
0.136420
0.136326
0.136333
0.136433
0.136281
0.136338
0.136327
0.136374
0.136357
0.136404
0.136337
0.136296
0.136344
0.136389
0.136301
0.136376
0.136333
0.136318
0.136305
0.136323
0.136427
0.136357
0.136375
0.136373
0.136350
0.136378
0.136393
0.136403
0.136356
0.136337
0.136405
0.136334
0.136421
0.136345
0.136363
0.136318
0.136347
0.136295
0.136386
0.136344
0.136363
0.136325
0.136257
0.136413
0.136346
0.136399
0.136331
0.136392
0.136304
0.136373
0.136416
0.136381
0.136350
0.136349
0.136381
0.136338
0.136341
0.136312
0.136340
0.136312
0.136355
0.136383
0.136398
0.136451
0.136309
0.136316
0.136384
