0.031171
0.013212
0.013108
0.013033
0.012731
0.012287
0.011965
0.011584
0.012106
0.011771
0.011596
0.010927
0.009572
0.008788
0.008667
0.008395
0.008172
0.008236
0.007575
0.007716
0.007215
0.007065
0.006951
0.007370
0.007107
0.006640
0.006676
0.006654
0.006865
0.006684
0.006775
0.006393
0.006172
0.006419
0.006822
0.006219
0.006338
0.006133
0.006205
0.005856
0.005832
0.005910
0.006023
0.006104
0.005889
0.005492
0.005711
0.005553
0.005919
0.005381
0.005753
0.005236
0.005471
0.005513
0.005153
0.005045
0.004630
0.004834
0.004832
0.004412
0.005008
0.004331
0.005220
0.004145
0.004473
0.004247
0.004118
0.003925
0.004101
0.003907
0.004416
0.003585
0.003756
0.004209
0.004043
0.004505
0.004045
0.003524
0.003267
0.003491
0.003631
0.003089
0.003164
0.003380
0.002753
0.003119
0.003190
0.003496
0.003419
0.003306
0.002978
0.003348
0.002929
0.002661
0.002945
0.002763
0.002978
0.002814
0.002810
0.002650
0.002874
0.002127
0.002336
0.002074
0.002120
0.002272
0.002319
0.002379
0.002045
0.002173
0.002363
0.002183
0.001803
0.002240
0.002701
0.002252
0.002113
0.001799
0.003727
0.002408
0.002183
0.002246
0.002483
0.002242
0.001967
0.002135
0.002003
0.002011
0.001611
0.001482
0.001904
0.001967
0.001559
0.002307
0.001412
0.002208
0.001558
0.001749
0.001671
0.001723
0.001277
0.001681
0.001751
0.001767
0.001856
0.002155
0.002507
0.002023
0.002588
0.001528
0.001565
0.001409
0.001304
0.001185
0.001501
0.001707
0.001278
0.001520
0.001407
0.001361
0.001450
0.001522
0.001366
0.001622
0.001234
0.001269
0.001225
0.001614
0.001270
0.001167
0.001330
0.001194
0.001256
0.001568
0.001606
0.002268
0.001334
0.001336
0.001409
0.001758
0.001566
0.001184
0.001485
0.001358
0.001155
0.001234
0.001414
0.001085
0.000992
0.001716
0.001299
0.001503
0.001796
0.002826
0.002881
0.002175
0.001433
0.001292
0.001410
0.001150
0.001380
0.001427
0.001341
0.001077
0.001216
0.000997
0.001612
0.001162
0.001350
0.001290
0.001159
0.001532
0.002185
0.001410
0.001685
0.002159
0.002358
0.001257
0.001211
0.001081
0.001197
0.001078
0.001146
0.001250
0.001160
0.001110
0.001179
0.001299
0.001333
0.001353
0.002032
0.002949
0.002138
0.001878
0.001412
0.001633
0.002027
0.001475
0.001151
0.001007
0.001089
0.001047
0.001115
0.000925
0.000873
0.001099
0.001782
0.001010
0.001092
0.001081
0.000991
0.001012
0.001184
0.001280
0.001038
0.001527
0.001296
0.001534
0.001086
0.001298
0.001761
0.001882
0.001199
0.001335
0.001296
0.001249
0.001188
0.000846
0.001315
0.000991
0.001548
0.001226
0.001157
0.001478
0.001750
0.001453
0.001123
0.001264
0.001153
0.001548
0.001111
0.001104
0.001271
0.001331
0.001404
0.000980
0.001256
0.001514
0.003068
0.001891
0.001188
0.001246
0.001006
0.001129
0.000888
0.001564
0.000991
0.000900
0.001052
0.001602
0.001276
0.001779
0.000808
0.000897
0.000826
0.000931
0.001014
0.000848
0.000871
0.000908
0.001096
0.000921
0.001602
0.002038
0.001638
0.000872
0.001126
0.000896
0.001173
0.000940
0.001100
0.001331
0.001150
0.001042
0.000971
0.001030
0.001022
0.001283
0.001266
0.001207
0.000948
0.001066
0.000877
0.000795
0.000913
0.000923
0.001931
0.001509
0.001495
0.001389
0.001291
0.001476
0.001608
0.001456
0.002018
0.002130
0.001689
0.001337
0.001110
0.001451
0.001425
0.001159
0.001133
0.000977
0.001223
0.001517
0.001098
0.001167
0.001016
0.001064
0.001143
0.000811
0.001427
0.001741
0.001353
0.000995
0.000785
0.000908
0.001548
0.001150
0.000869
0.001194
0.001079
0.001268
0.000892
0.001074
0.001078
0.000826
0.000835
0.001065
0.000916
0.000999
0.000761
0.001355
0.001167
0.001034
0.001589
0.001830
0.001278
0.001410
0.000971
0.000794
0.000933
0.001311
0.001042
0.000942
0.001016
0.000971
0.001153
0.001020
0.001002
0.001063
0.000998
0.000772
0.000754
0.000810
0.000965
0.000852
0.000833
0.000907
0.000962
0.000827
0.000744
0.000769
0.001194
0.001222
0.000916
0.000831
0.001009
0.001166
0.000805
0.000891
0.000840
0.000847
0.000796
0.001128
0.001338
0.001189
0.001461
0.001079
0.000861
0.001201
0.000925
0.001014
0.000932
0.001009
0.000921
0.000960
0.001154
0.000856
0.001158
0.000985
0.000755
0.000858
0.000772
0.000779
0.001565
0.001329
0.000981
0.000927
0.000791
0.001018
0.001509
0.001033
0.001019
0.001169
0.001653
0.001400
0.001129
0.001464
0.000925
0.000998
0.001887
0.001253
0.001276
0.001290
0.001761
0.000958
0.000958
0.000858
0.000969
0.000797
0.000955
0.000912
0.001061
0.000779
0.000635
0.000963
0.001461
0.000954
0.000778
0.000917
0.000800
0.000764
0.001225
0.000621
0.000666
0.000670
0.000826
0.000862
0.000836
0.001256
0.001670
0.001171
0.001078
0.002289
0.001470
0.000996
0.000926
0.000965
0.000849
0.001010
0.000871
0.001104
0.001169
0.001073
0.000964
0.000874
0.000913
0.000978
0.007406
0.006098
0.005859
0.005697
0.005990
0.004634
0.004504
0.003739
0.003279
0.003674
0.003323
0.002968
0.002675
0.002693
0.002269
0.002413
0.001953
0.001835
0.001705
0.001853
0.001750
0.001809
0.001653
0.001736
0.001946
0.001395
0.001522
0.001708
0.001470
0.001302
0.001572
0.001630
0.001696
0.001245
0.001259
0.001561
0.001585
0.001272
0.001454
0.001296
0.001526
0.001201
0.001405
0.001805
0.001325
0.001075
0.001009
0.001163
0.001171
0.001139
0.001231
0.001376
0.001164
0.000928
0.001065
0.000985
0.001347
0.001184
0.001036
0.001017
0.001093
0.001407
0.001381
0.001257
0.001453
0.001257
0.000978
0.001338
0.001035
0.000996
0.001045
0.001035
0.000984
0.001434
0.001158
0.001429
0.001471
0.000955
0.001777
0.001267
0.001135
0.001008
0.001074
0.001555
0.002618
0.001557
0.001278
0.001216
0.001274
0.001045
0.000928
0.000951
0.001019
0.001036
0.001113
0.001587
0.001703
0.001576
0.001024
0.000933
0.000871
0.000893
0.001424
0.000977
0.000892
0.001000
0.001119
0.000803
0.000841
0.001246
0.001108
0.001178
0.000838
0.001284
0.001589
0.001316
0.001208
0.000845
0.000856
0.000941
0.000875
0.001106
0.000822
0.001146
0.000678
0.000938
0.000781
0.000903
0.001149
0.002144
0.001113
0.000927
0.001043
0.000976
0.001014
0.001482
0.001660
0.001083
0.000820
0.001303
0.001035
0.000889
0.000876
0.000889
0.001150
0.019600
0.035936
0.030934
0.030523
0.030271
0.030442
0.030400
0.030214
0.029991
0.030218
0.030025
0.029974
0.030148
0.029888
0.029867
0.029867
0.029898
0.029648
0.029379
0.028452
0.028761
0.028297
0.028270
0.028842
0.028181
0.027862
0.026850
0.026820
0.026805
0.026847
0.026509
0.025558
0.025038
0.024794
0.024732
0.024950
0.024783
0.024465
0.024506
0.024412
0.024410
0.024682
0.024435
0.024243
0.024403
0.024233
0.024321
0.024146
0.024202
0.024294
0.024072
0.023992
0.023819
0.023269
0.023186
0.023228
0.023486
0.023248
0.022995
0.023367
0.023257
0.022999
0.023197
0.023516
0.022928
0.023046
0.022760
0.022829
0.023002
0.023060
0.022910
0.023014
0.022940
0.022731
0.022683
0.022632
0.022829
0.022469
0.022838
0.022614
0.022757
0.022481
0.022367
0.022642
0.022527
0.022585
0.022475
0.022383
0.022434
0.022401
0.022505
0.022443
0.022316
0.022359
0.022858
0.022428
0.022554
0.022635
0.022874
0.022402
0.022262
0.022548
0.022571
0.022470
0.022366
0.022280
0.025696
0.024972
0.025010
0.024531
0.024141
0.023949
0.024151
0.024088
0.023713
0.023590
0.023570
0.023422
0.023534
0.023326
0.023193
0.023313
0.023147
0.023117
0.022766
0.023051
0.023218
0.023186
0.022984
0.022739
0.022987
0.022851
0.022726
0.022613
0.022523
0.022410
0.022602
0.022750
0.022833
0.022577
0.022616
0.022430
0.022398
0.022810
0.022761
0.022653
0.022422
0.022376
0.022144
0.022810
0.022234
0.022406
0.022516
0.022239
0.022179
0.022267
0.022693
0.022268
0.022481
0.022373
0.022135
0.022354
0.022283
0.022273
0.022261
0.022298
0.022276
0.022361
0.022399
0.022336
0.022139
0.022135
0.022023
0.022077
0.022327
0.022308
0.022354
0.022061
0.022241
0.022434
0.022181
0.022362
0.022174
0.022289
0.022520
0.021997
0.022039
0.022195
0.022351
0.022062
0.022241
0.022079
0.022077
0.022277
0.021878
0.022036
0.021939
0.022103
0.022408
0.022140
0.022337
0.026286
0.025940
0.024796
0.024579
0.024487
0.024257
0.024149
0.023969
0.023863
0.023868
0.023989
0.023785
0.023707
0.023529
0.023321
0.023297
0.023052
0.023175
0.023069
0.023006
0.023035
0.022963
0.022803
0.023032
0.022844
0.022828
0.022885
0.022911
0.022764
0.022671
0.022642
0.022663
0.022456
0.022707
0.022740
0.022428
0.022569
0.022512
0.022601
0.022416
0.022493
0.022644
0.022518
0.022368
0.022274
0.022236
0.020762
0.020699
0.020471
0.020998
0.020822
0.020688
0.020503
0.020558
0.020694
0.020512
0.020574
0.021040
0.020806
0.020564
0.019957
0.019485
0.019528
0.019470
0.019535
0.019498
0.019421
0.019529
0.019630
0.019525
0.019636
0.019595
0.019449
0.019414
0.019571
0.019743
0.019591
0.019329
0.019625
0.019237
0.019636
0.019669
0.019637
0.019567
0.019568
0.019431
0.019580
0.019368
0.019479
0.019315
0.019558
0.019341
0.019275
0.019251
0.019150
0.019308
0.019474
0.019406
0.019536
0.019281
0.020627
0.020357
0.020000
0.020037
0.020100
0.019484
0.019488
0.019470
0.019519
0.019282
0.019558
0.019201
0.019189
0.019205
0.019232
0.019402
0.019594
0.019328
0.019498
0.019247
0.019352
0.019347
0.019326
0.019324
0.019257
0.019140
0.019194
0.019339
0.019265
0.019313
0.019101
0.019165
0.019140
0.019157
0.019205
0.019412
0.019168
0.019344
0.019603
0.019362
0.019423
0.019165
0.019300
0.019578
