0.017041
0.016515
0.013825
0.013965
0.014060
0.013622
0.012871
0.012698
0.014140
0.014203
0.014373
0.010778
0.010296
0.010842
0.009864
0.009325
0.013818
0.011213
0.007435
0.010926
0.009847
0.010758
0.017547
0.016808
0.008801
0.023311
0.010791
0.012174
0.009387
0.010582
0.008304
0.008324
0.008048
0.010172
0.009803
0.008976
0.006702
0.008667
0.011174
0.007759
0.007451
0.006839
0.015243
0.011831
0.009224
0.014034
0.006647
0.006763
0.012887
0.008364
0.008199
0.009202
0.009352
0.008423
0.007894
0.011945
0.007121
0.006724
0.006042
0.005544
0.006422
0.005510
0.007351
0.008014
0.009733
0.007120
0.005243
0.006340
0.005432
0.006076
0.007368
0.012157
0.005283
0.009694
0.006180
0.007208
0.005648
0.005003
0.005931
0.010181
0.004457
0.006737
0.005007
0.004943
0.005815
0.006332
0.007108
0.004650
0.004200
0.007105
0.004440
0.008726
0.007425
0.005604
0.006219
0.011810
0.005274
0.006530
0.005049
0.005628
0.004639
0.005519
0.004939
0.004196
0.004392
0.004077
0.005093
0.006081
0.004587
0.004148
0.005154
0.004269
0.004635
0.003566
0.004753
0.005702
0.003506
0.011371
0.007968
0.005209
0.007585
0.006037
0.005192
0.003893
0.005043
0.004772
0.003933
0.005657
0.004092
0.003441
0.004632
0.005892
0.012275
0.004257
0.003548
0.003853
0.004937
0.003517
0.004111
0.003304
0.003575
0.004255
0.005608
0.004759
0.011547
0.007516
0.005476
0.009296
0.004144
0.005553
0.004907
0.004349
0.003896
0.003954
0.003753
0.003390
0.005841
0.005292
0.003484
0.003476
0.003982
0.003670
0.004254
0.003608
0.004148
0.003538
0.004008
0.003524
0.003474
0.003360
0.004401
0.003484
0.008905
0.006431
0.006156
0.004126
0.004434
0.004119
0.003805
0.003505
0.003551
0.003603
0.004371
0.003314
0.003345
0.003719
0.003430
0.003313
0.003626
0.005076
0.003376
0.004264
0.008301
0.009412
0.010566
0.005564
0.004537
0.003661
0.005366
0.004355
0.004023
0.003153
0.003218
0.004149
0.003300
0.004461
0.003395
0.003224
0.003949
0.003304
0.004315
0.004899
0.004267
0.003974
0.003569
0.004450
0.003309
0.003137
0.003539
0.003646
0.003499
0.003059
0.003475
0.005454
0.003230
0.003685
0.003358
0.008564
0.005182
0.006657
0.014590
0.004966
0.006622
0.005878
0.004400
0.010248
0.005694
0.004119
0.003036
0.003617
0.003399
0.003305
0.002992
0.003262
0.003798
0.003479
0.004267
0.003277
0.003077
0.003122
0.003726
0.003787
0.004290
0.006094
0.003255
0.003151
0.003957
0.003157
0.003395
0.003444
0.006296
0.004162
0.006367
0.004087
0.003827
0.004608
0.003304
0.003205
0.004048
0.003383
0.003124
0.003382
0.003478
0.003615
0.003788
0.004851
0.003256
0.005006
0.005050
0.003135
0.003685
0.002921
0.002987
0.003715
0.003217
0.003048
0.004936
0.006018
0.003659
0.003710
0.004288
0.003423
0.003180
0.003435
0.003270
0.003843
0.003389
0.003441
0.003708
0.004265
0.003050
0.003958
0.003398
0.004082
0.003303
0.005486
0.003000
0.003868
0.003434
0.003144
0.003070
0.007149
0.003763
0.003617
0.003276
0.004989
0.003083
0.003591
0.003330
0.003017
0.004759
0.003002
0.003255
0.003222
0.003789
0.003010
0.003204
0.003861
0.003118
0.004096
0.004328
0.003094
0.003567
0.003205
0.003297
0.004626
0.007490
0.011996
0.014251
0.003685
0.003718
0.005006
0.005045
0.027397
0.005280
0.004861
0.003796
0.003785
0.004830
0.003120
0.003839
0.003436
0.003603
0.003424
0.003748
0.004626
0.003581
0.003662
0.003445
0.003928
0.003619
0.003222
0.003978
0.005020
0.003485
0.003114
0.003288
0.003800
0.003318
0.003496
0.003262
0.005229
0.003437
0.004092
0.003442
0.003433
0.003248
0.003274
0.002975
0.003134
0.003251
0.003206
0.003143
0.003843
0.005758
0.005271
0.004034
0.006120
0.003291
0.003393
0.003587
0.003445
0.003478
0.005866
0.003478
0.003274
0.003293
0.003162
0.006441
0.003383
0.005033
0.003505
0.003150
0.003136
0.003393
0.003346
0.003191
0.003721
0.003313
0.002866
0.005424
0.002971
0.002864
0.003741
0.004359
0.003326
0.004126
0.003364
0.003918
0.003288
0.003599
0.003595
0.004124
0.003001
0.003468
0.006283
0.005364
0.003322
0.004267
0.003097
0.003448
0.003457
0.003077
0.003938
0.003129
0.003773
0.003164
0.004070
0.003428
0.004086
0.003519
0.003174
0.002974
0.003058
0.002997
0.004598
0.003689
0.003383
0.002971
0.003448
0.002979
0.006242
0.003624
0.003338
0.003502
0.004330
0.004141
0.004387
0.003208
0.003420
0.003187
0.003395
0.004894
0.003326
0.003123
0.003601
0.003277
0.002949
0.003028
0.003708
0.003294
0.003342
0.002914
0.003074
0.003155
0.002993
0.002897
0.005123
0.003085
0.002905
0.003853
0.003114
0.003401
0.003489
0.003261
0.002921
0.003165
0.003217
0.003649
0.002857
0.003371
0.010053
0.003363
0.004002
0.003432
0.004701
0.003420
0.003303
0.003744
0.003054
0.003581
0.003471
0.003067
0.005119
0.003662
0.003641
0.003286
0.003212
0.003357
0.011600
0.008645
0.011300
0.008498
0.007896
0.013684
0.006160
0.008303
0.005915
0.005239
0.006486
0.004645
0.004805
0.004203
0.004678
0.004137
0.004353
0.003941
0.003806
0.003884
0.003690
0.003901
0.003635
0.003678
0.003787
0.004689
0.003513
0.003661
0.003825
0.003584
0.003811
0.004197
0.003900
0.003728
0.003782
0.003415
0.005517
0.003405
0.003830
0.003373
0.003622
0.003530
0.003432
0.004791
0.003576
0.003675
0.003656
0.004122
0.003333
0.003634
0.004278
0.003391
0.004448
0.003614
0.003252
0.003683
0.003843
0.003869
0.003805
0.003368
0.003465
0.003342
0.004380
0.003357
0.005048
0.003332
0.003350
0.003899
0.003398
0.003366
0.003509
0.003343
0.003513
0.003493
0.003579
0.003701
0.004369
0.003351
0.003099
0.005125
0.003407
0.005835
0.003376
0.003363
0.005786
0.003795
0.004140
0.003541
0.003285
0.003205
0.003374
0.003362
0.003015
0.003535
0.003098
0.005471
0.003691
0.006022
0.003182
0.003315
0.003183
0.003104
0.003769
0.003432
0.003461
0.003270
0.003931
0.003138
0.003089
0.003441
0.004412
0.003157
0.003181
0.004566
0.004694
0.004244
0.003788
0.003862
0.003122
0.003549
0.003207
0.003229
0.003717
0.004234
0.003162
0.003075
0.003379
0.003207
0.003922
0.012664
0.006043
0.003869
0.003298
0.004377
0.003258
0.004273
0.003222
0.003448
0.003204
0.004196
0.003944
0.003235
0.003685
0.003185
0.003812
0.003114
24.535809
0.034170
0.034071
0.033622
0.033178
0.033502
0.033885
0.033332
0.033217
0.033404
0.032992
0.034144
0.032813
0.033012
0.033131
0.032703
0.033118
0.032933
0.033042
0.031480
0.031891
0.032165
0.033390
0.031075
0.031593
0.030238
0.030154
0.030843
0.030606
0.032482
0.033320
0.027708
0.027864
0.027457
0.029760
0.028128
0.028025
0.027827
0.027825
0.027251
0.028588
0.028371
0.027209
0.029797
0.027403
0.027451
0.027508
0.028978
0.028245
0.027283
0.027569
0.027719
0.026419
0.027720
0.026275
0.026366
0.027162
0.028437
0.026483
0.026763
0.026191
0.027162
0.026563
0.027221
0.026069
0.026862
0.026426
0.026135
0.028169
0.026426
0.026073
0.025918
0.025954
0.026079
0.026239
0.026085
0.026110
0.026633
0.026941
0.026594
0.026614
0.026294
0.025775
0.026916
0.026230
0.026170
0.025686
0.025970
0.026361
0.025668
0.026114
0.027523
0.025705
0.026048
0.026455
0.025969
0.027664
0.026190
0.026509
0.025874
0.026273
0.026512
0.025830
0.025899
0.025843
0.032000
0.028731
0.027470
0.027698
0.026699
0.027259
0.027162
0.027967
0.026801
0.027018
0.027316
0.026441
0.026211
0.027345
0.027043
0.025872
0.026945
0.026186
0.026322
0.026313
0.026663
0.026052
0.029288
0.026597
0.026134
0.026526
0.025981
0.025833
0.026208
0.025700
0.025814
0.026016
0.026130
0.026118
0.026432
0.025661
0.026353
0.025662
0.026389
0.028553
0.026450
0.025746
0.025701
0.026166
0.025854
0.026418
0.025528
0.025765
0.025537
0.025827
0.026345
0.027130
0.025719
0.025860
0.026355
0.025741
0.025765
0.025768
0.025720
0.025708
0.026052
0.026444
0.025760
0.025482
0.025656
0.025486
0.026078
0.025409
0.025503
0.025969
0.025528
0.025439
0.025880
0.025732
0.025433
0.025554
0.025583
0.026484
0.026295
0.025983
0.025906
0.026116
0.025854
0.025354
0.027714
0.025966
0.025510
0.027672
0.025451
0.025399
0.025398
0.025439
0.026153
0.025612
0.027127
0.027853
0.029952
0.027512
0.027769
0.027318
0.027817
0.027194
0.026502
0.028477
0.027306
0.027987
0.026882
0.028916
0.027951
0.027138
0.026059
0.026709
0.026241
0.026105
0.026049
0.026344
0.026095
0.027444
0.027043
0.025927
0.027559
0.026699
0.026358
0.026850
0.026963
0.025970
0.026469
0.025834
0.025738
0.027856
0.026859
0.025624
0.025906
0.025792
0.025892
0.025893
0.027271
0.025999
0.026152
0.026169
0.025660
0.024540
0.024837
0.024117
0.025012
0.023925
0.023881
0.023802
0.023712
0.024415
0.024042
0.024830
0.025207
0.023834
0.024159
0.024489
0.022912
0.023012
0.022956
0.023099
0.022947
0.023417
0.022710
0.023524
0.022653
0.022991
0.023087
0.023548
0.023390
0.022953
0.023089
0.023528
0.022787
0.025004
0.022695
0.022936
0.024121
0.023708
0.023453
0.023544
0.023273
0.023515
0.027518
0.022941
0.022645
0.022718
0.022886
0.022653
0.022598
0.022763
0.022651
0.022671
0.023118
0.024454
0.022698
0.022960
0.025992
0.023636
0.024433
0.023756
0.022740
0.022535
0.024166
0.023595
0.022797
0.022494
0.022876
0.022719
0.023121
0.022559
0.022863
0.023017
0.023454
0.023591
0.022734
0.022975
0.023333
0.022679
0.022682
0.022518
0.022616
0.022653
0.023304
0.022453
0.022624
0.022394
0.022911
0.022624
0.022620
0.022583
0.022922
0.022543
0.022483
0.023435
0.022696
0.023285
0.022416
0.022340
0.022457
0.022789
