0.017041
0.016515
0.013825
0.013965
0.014060
0.013622
0.012871
0.012698
0.014140
0.014203
0.014373
0.010778
0.010296
0.010842
0.009864
0.009325
0.013818
0.011213
0.007435
0.010926
0.009847
0.010758
0.017547
0.016808
0.008801
0.023311
0.010791
0.012174
0.009387
0.010582
0.008304
0.008324
0.008048
0.010172
0.009803
0.008976
0.006702
0.008667
0.011174
0.007759
0.007451
0.006839
0.015243
0.011831
0.009224
0.014034
0.006647
0.006763
0.012887
0.008364
0.008199
0.009202
0.009352
0.008423
0.007894
0.011945
0.007121
0.006724
0.006042
0.005544
0.006422
0.005510
0.007351
0.008014
0.009733
0.007120
0.005243
0.006340
0.005432
0.006076
0.007368
0.012157
0.005283
0.009694
0.006180
0.007208
0.005648
0.005003
0.005931
0.010181
0.004457
0.006737
0.005007
0.004943
0.005815
0.006332
0.007108
0.004650
0.004200
0.007105
0.004440
0.008726
0.007425
0.005604
0.006219
0.011810
0.005274
0.006530
0.005049
0.005628
0.004639
0.005519
0.004939
0.004196
0.004392
0.004077
0.005093
0.006081
0.004587
0.004148
0.005154
0.004269
0.004635
0.003566
0.004753
0.005702
0.003506
0.011371
0.007968
0.005209
0.007585
0.006037
0.005192
0.003893
0.005043
0.004772
0.003933
0.005657
0.004092
0.003441
0.004632
0.005892
0.012275
0.004257
0.003548
0.003853
0.004937
0.003517
0.004111
0.003304
0.003575
0.004255
0.005608
0.004759
0.011547
0.007516
0.005476
0.009296
0.004144
0.005553
0.004907
0.004349
0.003896
0.003954
0.003753
0.003390
0.005841
0.005292
0.003484
0.003476
0.003982
0.003670
0.004254
0.003608
0.004148
0.003538
0.004008
0.003524
0.003474
0.003360
0.004401
0.003484
0.008905
0.006431
0.006156
0.004126
0.004434
0.004119
0.003805
0.003505
0.003551
0.003603
0.004371
0.003314
0.003345
0.003719
0.003430
0.003313
0.003626
0.005076
0.003376
0.004264
0.008301
0.009412
0.010566
0.005564
0.004537
0.003661
0.005366
0.004355
0.002870
0.002883
0.002872
0.002969
0.002905
0.002939
0.002888
0.002843
0.002840
0.002875
0.002926
0.002859
0.002851
0.002886
0.003075
0.002911
0.002862
0.002853
0.002825
0.002846
0.002883
0.003051
0.002949
0.002863
0.002926
0.002843
0.002974
0.002871
0.002850
0.002895
0.003009
0.002864
0.002995
0.002872
0.002847
0.002921
0.003032
0.002918
0.002870
0.002852
0.002837
0.002933
0.002900
0.002962
0.002873
0.002984
0.002878
0.002862
0.002805
0.002915
0.002873
0.003021
0.002882
0.002899
0.002802
0.002874
0.002891
0.003020
0.002956
0.003312
0.002903
0.002860
0.002934
0.002929
0.002932
0.002845
0.002870
0.002947
0.002888
0.002847
0.002929
0.002851
0.002851
0.002934
0.002838
0.002958
0.002854
0.002983
0.002926
0.002922
0.002953
0.002895
0.003128
0.002912
0.002888
0.002913
0.002841
0.002924
0.002915
0.002863
0.003138
0.002959
0.002901
0.002853
0.002860
0.002882
0.002883
0.002887
0.002853
0.002879
0.002958
0.002896
0.003033
0.002849
0.002789
0.002953
0.002818
0.002857
0.002836
0.002907
0.003044
0.003149
0.002873
0.002843
0.002915
0.002948
0.002823
0.002855
0.002799
0.003055
0.003075
0.002958
0.002887
0.002956
0.002837
0.002997
0.002863
0.002862
0.002824
0.002955
0.002851
0.002858
0.003124
0.002840
0.003050
0.003114
0.002857
0.002882
0.002895
0.002914
0.002888
0.002943
0.002853
0.003038
0.002851
0.003022
0.002919
0.002900
0.002833
0.002872
0.002879
0.002859
0.002827
0.002873
0.002938
0.002870
0.002866
0.003245
0.002849
0.002887
0.002846
0.003007
0.002919
0.002865
0.002837
0.002860
0.002990
0.002893
0.002840
0.002964
0.002907
0.002869
0.002865
0.002841
0.002982
0.002894
0.002906
0.002848
0.002995
0.002859
0.002894
0.002855
0.002880
0.002835
0.002894
0.002891
0.002877
0.002861
0.002935
0.003000
0.003480
0.002936
0.002931
0.003031
0.003398
0.002860
0.002925
0.002876
0.002923
0.002942
0.002857
0.002879
0.002881
0.002967
0.002906
0.002847
0.002857
0.002937
0.002926
0.002935
0.002901
0.002922
0.002948
0.002918
0.003156
0.002879
0.002844
0.002949
0.003036
0.002890
0.003125
0.002849
0.002904
0.002886
0.002878
0.002824
0.002929
0.002901
0.002856
0.003110
0.003213
0.002956
0.003032
0.003139
0.002940
0.002947
0.002896
0.002938
0.003002
0.002866
0.003059
0.002838
0.003024
0.003077
0.002849
0.002851
0.002877
0.002959
0.002924
0.003012
0.002926
0.002860
0.002974
0.002882
0.002853
0.002884
0.002897
0.002838
0.002857
0.002870
0.002864
0.002990
0.002874
0.003062
0.003056
0.002928
0.002916
0.003163
0.002893
0.002922
0.002853
0.002884
0.002888
0.003030
0.002861
0.002906
0.003069
0.002915
0.002873
0.002825
0.002883
0.002838
0.002877
0.003050
0.002931
0.002857
0.002870
0.002835
0.002969
0.002848
0.002901
0.002851
0.002896
0.002913
0.002886
0.002965
0.003014
0.002994
0.002959
0.002940
0.002998
0.003255
0.003066
0.003018
0.002909
0.002968
0.002875
0.002874
0.002995
0.002882
0.002862
0.002945
0.002928
0.002941
0.002843
0.003096
0.002914
0.002894
0.002928
0.002875
0.003044
0.003137
0.003062
0.002837
0.002918
0.002982
0.003327
0.002971
0.002840
0.002894
0.002949
0.002940
0.002998
0.002838
0.002891
0.002893
0.002965
0.003037
0.003152
0.002899
0.003124
0.002850
0.003139
0.002879
0.002863
0.003170
0.002850
0.002906
0.002886
0.002850
0.002841
0.002875
0.002850
0.002952
0.002916
0.002899
0.002865
0.003014
0.002827
0.002956
0.002884
0.002891
0.003194
0.002968
0.002846
0.002896
0.002827
0.002847
0.002819
0.002899
0.002961
0.002938
0.002839
0.003079
0.002987
0.003232
0.002999
0.003051
0.002925
0.002826
0.002892
0.002851
0.003005
0.002939
0.002876
0.002914
0.002981
0.002887
0.002936
0.002985
0.002971
0.003150
0.002903
0.002928
0.002868
0.002881
0.002904
0.002991
0.002887
0.002978
0.002854
0.002843
0.002808
0.002844
0.002814
0.002810
0.002825
0.002830
0.002828
0.002878
0.002830
0.002874
0.002861
0.002832
0.002878
0.002820
0.002843
0.002848
0.002828
0.002814
0.002830
0.002874
0.002820
0.002822
0.002826
0.002810
0.002809
0.002827
0.002878
0.002867
0.002818
0.002838
0.002809
0.002822
0.002843
0.002810
0.002836
0.002837
0.002834
0.002834
0.002815
0.002972
0.002823
0.002805
0.002826
0.002814
0.002834
0.002828
0.002902
0.002869
0.002868
0.002842
0.002841
0.002844
0.002824
0.002831
0.002916
0.002939
0.002887
0.002824
0.002836
0.002841
0.002838
0.002834
0.002879
0.002844
0.002840
0.002861
0.002861
0.002817
0.002841
0.002879
0.002817
0.002854
0.002846
0.002846
0.002853
0.002833
0.002879
0.002824
0.002821
0.002909
0.002880
0.002815
0.002824
0.002840
0.002827
0.002859
0.002851
0.002829
0.002891
0.002866
0.002816
0.002834
0.002859
0.002851
0.002849
0.002838
0.002847
0.002855
0.002846
0.002859
0.002900
0.002906
0.002821
0.002847
0.002830
0.002873
0.002864
0.002834
0.002843
0.002843
0.002862
0.002854
0.002877
0.002856
0.002858
0.002823
0.002857
0.002876
0.002856
0.002844
0.002856
0.002838
0.002834
0.002876
0.002890
0.002845
0.002833
0.002845
0.002850
0.002846
0.002855
0.002870
0.002843
0.002829
0.002843
0.002826
0.002870
0.002830
0.002842
0.002828
0.002836
0.002842
0.002834
0.002859
0.002858
0.002843
0.002868
0.002900
0.002832
0.002947
0.002886
0.002855
0.002856
0.002861
0.002857
0.002822
0.002875
0.002890
0.002863
0.002823
0.002872
0.002845
0.002827
0.002845
0.002838
0.002841
0.002822
0.002876
0.002839
0.002897
0.002891
0.002899
0.002826
0.002838
0.002842
0.002824
0.002897
0.002829
0.002818
0.002914
0.002853
0.002828
0.002844
0.002862
0.002838
0.002840
0.002844
0.002829
0.002829
0.002845
0.002841
0.002851
0.002891
0.002848
0.002829
0.002844
0.002870
0.002903
0.002847
0.002847
0.002852
0.002836
0.002839
0.002870
0.002865
0.002848
0.002820
0.002867
0.002866
0.002838
0.002871
0.002886
0.002886
0.002837
0.002862
0.002878
0.002836
0.002860
0.002830
0.002852
0.002895
0.002838
0.002861
0.002891
0.002841
0.002875
0.002873
0.002877
0.002896
0.002860
0.002830
0.002869
0.002855
0.002851
0.002875
0.002859
0.002867
0.002846
0.002830
0.002843
0.002856
0.002873
0.002845
0.002842
0.002867
0.002854
0.002869
0.002842
0.002849
0.002861
0.002842
0.002901
0.002854
0.002850
0.002909
0.002858
0.002891
0.002858
0.002852
0.002898
0.002855
0.002860
0.002841
0.002874
0.002822
0.002989
0.002874
0.002859
0.002868
0.002827
0.002842
0.002827
0.002856
0.002851
0.002866
0.002842
0.002872
0.002879
0.002859
0.002828
0.002851
0.002895
0.002871
0.002882
0.002833
0.002853
0.002864
0.002855
0.002856
0.002858
0.002886
0.002845
0.002861
0.002845
0.002856
0.002833
0.002859
0.002830
0.002847
0.002868
0.002848
0.002856
0.002840
0.002903
0.002853
0.002882
0.002854
0.002931
0.002868
0.002875
0.002879
0.002829
0.002854
0.002830
0.002871
0.002905
0.002854
0.002833
0.002844
0.002884
0.002875
0.002847
0.002856
0.002856
0.002874
0.002865
0.002843
0.002881
0.002841
0.002903
0.002864
0.002901
0.002864
0.002859
0.002861
0.002872
0.002877
0.002916
0.002865
0.002862
0.002848
0.002852
0.002869
0.002848
0.002929
0.002863
0.002848
0.002866
0.002856
0.002833
0.002856
0.002871
0.002855
0.002873
0.002856
0.002880
0.002882
0.002878
0.002893
0.002877
0.002843
0.002877
0.002892
0.002861
0.002866
0.002906
0.002854
0.002862
0.002863
0.002860
0.002873
0.002851
0.002883
0.002878
0.002861
0.002877
0.002852
0.002860
0.002877
0.002834
0.002885
0.002851
0.002866
0.002877
0.002845
0.002900
0.002886
0.002860
0.002853
0.002842
0.002883
0.002862
0.002873
0.002848
0.002884
0.002903
0.002916
0.002900
