0.032642
0.012830
0.012668
0.012090
0.011860
0.012344
0.011925
0.012089
0.012230
0.011745
0.011838
0.011551
0.012238
0.011943
0.011744
0.011512
0.011203
0.011314
0.011171
0.011002
0.010871
0.011160
0.011285
0.011231
0.010932
0.010792
0.010811
0.011024
0.010746
0.010535
0.010393
0.010511
0.010483
0.010063
0.010146
0.010461
0.010456
0.011124
0.009862
0.010187
0.009942
0.009986
0.009613
0.009459
0.009337
0.009473
0.009344
0.009214
0.009213
0.009653
0.009353
0.008928
0.009250
0.009161
0.009148
0.009049
0.009057
0.008752
0.008925
0.009682
0.010911
0.010320
0.009547
0.009389
0.009310
0.010033
0.009000
0.009141
0.009632
0.008962
0.008850
0.008621
0.008568
0.008534
0.008757
0.008463
0.008890
0.008817
0.008591
0.008522
0.008703
0.008641
0.008666
0.008376
0.008368
0.008507
0.008429
0.008121
0.008313
0.008566
0.008303
0.008203
0.008099
0.007805
0.007954
0.008154
0.008108
0.008191
0.008140
0.008451
0.008122
0.007719
0.007747
0.007730
0.009918
0.013521
0.012225
0.012272
0.012198
0.012130
0.012530
0.012262
0.011782
0.011874
0.011847
0.011994
0.012021
0.011513
0.012009
0.011945
0.012464
0.011865
0.011877
0.011472
0.011512
0.011841
0.011602
0.011454
0.011366
0.011257
0.010868
0.010666
0.010744
0.010918
0.011105
0.011082
0.010620
0.010197
0.010358
0.010501
0.009832
0.009844
0.010117
0.009636
0.009392
0.009522
0.009355
0.009410
0.009136
0.008846
0.009560
0.008892
0.009045
0.008744
0.009488
0.008887
0.008876
0.008801
0.009000
0.008877
0.008576
0.009287
0.008401
0.008421
0.008487
0.008281
0.008232
0.008231
0.008266
0.008236
0.008219
0.008303
0.008194
0.008325
0.007987
0.008020
0.007889
0.008016
0.008202
0.008528
0.008427
0.008048
0.008224
0.007680
0.007688
0.008213
0.007897
0.007556
0.007648
0.007746
0.007461
0.007318
0.007249
0.007427
0.007886
0.007684
0.007506
0.007425
0.007335
0.007440
0.006946
0.006711
0.006617
0.006628
0.006670
0.006526
0.006682
0.006550
0.006562
0.006475
0.006569
0.006529
0.006515
0.006577
0.006500
0.006475
0.006435
0.006441
0.006478
0.006452
0.006395
0.006442
0.006439
0.006364
0.006415
0.006397
0.006332
0.006294
0.006391
0.006338
0.006306
0.006297
0.006339
0.006275
0.006252
0.006293
0.006358
0.006227
0.006248
0.006241
0.006345
0.006212
0.006232
0.006181
0.006128
0.006152
0.006198
0.006233
0.006180
0.006180
0.006128
0.006268
0.006139
0.006131
0.006172
0.006037
0.006113
0.006111
0.006053
0.006014
0.006097
0.006090
0.006011
0.005972
0.005946
0.005949
0.005995
0.006013
0.005966
0.005951
0.005925
0.005942
0.005930
0.005934
0.005978
0.005922
0.005974
0.005923
0.005877
0.005846
0.005904
0.005771
0.005928
0.005812
0.005816
0.005749
0.005812
0.005743
0.005841
0.005748
0.005819
0.005770
0.005910
0.005767
0.005666
0.005663
0.005662
0.005641
0.005766
0.005631
0.005759
0.005619
0.005615
0.005666
0.005656
0.005730
0.005645
0.005606
0.005574
0.005561
0.005610
0.005543
0.005606
0.005605
0.005509
0.005529
0.005506
0.005521
0.005497
0.005468
0.005430
0.005475
0.005576
0.005441
0.005422
0.005403
0.005431
0.005521
0.005422
0.005344
0.005414
0.005600
0.005431
0.005393
0.005409
0.005418
0.005319
0.005352
0.005291
0.005382
0.005349
0.005287
0.005267
0.005269
0.005457
0.005767
0.005367
0.005279
0.005286
0.005265
0.005355
0.005342
0.005207
0.005335
0.005315
0.005157
0.005190
0.005276
0.005286
0.005213
0.005285
0.005108
0.005149
0.005571
0.005266
0.005218
0.005262
0.005187
0.005272
0.005196
0.005130
0.005126
0.005130
0.005175
0.005137
0.005039
0.005116
0.005076
0.005005
0.005134
0.005172
0.005111
0.005026
0.004988
0.005062
0.004968
0.005076
0.005005
0.005057
0.005058
0.004993
0.004966
0.005003
0.005036
0.004995
0.004992
0.004923
0.004961
0.004898
0.004996
0.004928
0.004963
0.004947
0.004941
0.004885
0.004954
0.005076
0.004892
0.004954
0.004871
0.004881
0.004943
0.004857
0.004804
0.004856
0.004844
0.004847
0.004856
0.004863
0.004875
0.004825
0.004824
0.004866
0.004742
0.004827
0.004765
0.004784
0.004754
0.004742
0.004776
0.004776
0.004781
0.004782
0.004855
0.004802
0.004785
0.004783
0.004748
0.004693
0.004735
0.004718
0.004683
0.004698
0.004691
0.004727
0.004765
0.004781
0.004683
0.004723
0.004715
0.004684
0.004679
0.004683
0.004656
0.004660
0.004634
0.004719
0.004669
0.004621
0.004593
0.004587
0.004636
0.004634
0.004645
0.004624
0.004595
0.004563
0.004637
0.004595
0.004608
0.004730
0.004691
0.004606
0.004602
0.004569
0.004563
0.004570
0.004557
0.004546
0.004662
0.004665
0.004563
0.004536
0.004508
0.004511
0.004522
0.004490
0.004578
0.004702
0.004555
0.004482
0.004580
0.004510
0.004538
0.004572
0.004573
0.004498
0.004489
0.004508
0.004446
0.004509
0.004503
0.004458
0.004465
0.004547
0.004472
0.004443
0.004455
0.004506
0.004421
0.004451
0.004447
0.004406
0.004425
0.004368
0.004444
0.004518
0.004455
0.004396
0.004408
0.004427
0.004410
0.004322
0.004391
0.004390
0.004445
0.004438
0.004404
0.004364
0.004441
0.004364
0.004398
0.004332
0.004341
0.004410
0.004392
0.004403
0.004332
0.004306
0.004346
0.004362
0.004323
0.004351
0.004351
0.004437
0.004339
0.004321
0.004379
0.004347
0.004348
0.004334
0.004309
0.004290
0.004295
0.004447
0.004315
0.004293
0.004289
0.004335
0.004305
0.004354
0.004287
0.004272
0.004246
0.004252
0.004209
0.004238
0.004292
0.004255
0.004271
0.004257
0.004332
0.004281
0.004239
0.004267
0.004237
0.004224
0.004258
0.004197
0.004264
0.004237
0.004174
0.004204
0.004197
0.004226
0.004300
0.004240
0.004251
0.004164
0.004234
0.004212
0.004207
0.004219
0.004292
0.004234
0.004187
0.004260
0.004276
0.004183
0.004258
0.004096
0.004049
0.004044
0.004073
0.004068
0.004053
0.004072
0.004029
0.004041
0.004053
0.004048
0.004036
0.004015
0.004010
0.004028
0.004027
0.004024
0.004029
0.004041
0.004056
0.004021
0.004013
0.004065
0.004070
0.004019
0.004033
0.004057
0.004047
0.004042
0.004028
0.004070
0.004062
0.004045
0.004011
0.004026
0.004044
0.004018
0.004047
0.004048
0.004007
0.004018
0.004004
0.004044
0.004020
0.004040
0.004031
0.004051
0.004030
0.004029
0.004017
0.004010
0.004038
0.004045
0.004005
0.004028
0.004055
0.004010
0.004023
0.004029
0.003997
0.004014
0.004020
0.004058
0.004049
0.003975
0.004031
0.004006
0.004052
0.004009
0.004016
0.004023
0.004042
0.004024
0.004023
0.004011
0.003991
0.004005
0.003991
0.004027
0.004020
0.004003
0.003981
0.004001
0.004031
0.003995
0.003986
0.004005
0.004027
0.004012
0.003995
0.004007
0.004011
0.004026
0.004007
0.003988
0.004001
0.003994
0.004015
0.004026
0.004007
0.004015
0.004039
0.003999
0.004018
0.003997
0.004100
0.004033
0.004014
0.003993
0.003987
0.003973
0.004015
0.003977
0.003978
0.003989
0.003985
0.003966
0.003994
0.004009
0.003980
0.003983
0.004006
0.003980
0.003989
0.003995
0.003996
0.004002
0.003990
0.003976
0.003961
0.003992
0.004004
0.003980
0.003994
0.003982
0.003978
0.003982
0.003971
0.003994
0.003984
0.003986
0.003987
0.004001
0.004016
0.003986
0.003939
0.003991
0.003978
0.003984
0.003983
0.003961
0.004018
0.003974
0.003987
0.003979
0.003971
0.003989
0.003972
0.003952
0.003983
0.004001
0.003974
0.003984
0.003995
0.003961
0.003952
0.003976
0.003982
0.003977
0.003977
0.003973
0.003990
0.003967
0.003965
0.003977
0.003999
0.003988
0.003984
0.003951
0.004004
0.003969
0.003976
0.003960
0.003983
0.003934
0.003950
0.003951
0.003970
0.003963
0.003958
0.003962
0.003959
0.003972
0.003967
0.003945
0.003967
0.003949
0.003963
0.003988
0.003990
0.003974
0.003955
0.004004
0.003955
0.003971
0.003977
0.003955
0.003961
0.003966
0.003976
0.003943
0.003961
0.003960
0.003962
0.003971
0.003957
0.004024
0.003972
0.003943
0.003945
0.003962
0.003960
0.003960
0.003944
0.003965
0.003975
0.003958
0.003963
0.003970
0.003955
0.003949
0.003956
0.003921
0.003959
0.003955
0.003948
0.003958
0.003945
0.003982
0.003955
0.003976
0.003991
0.003974
0.003964
0.003968
0.003944
0.003957
0.003939
0.003955
0.003945
0.003944
0.003963
0.003950
0.003938
0.003953
0.003943
0.003936
0.003938
0.003948
0.003944
0.003938
0.003969
0.003933
0.003936
0.003924
0.003945
0.003927
0.003951
0.003924
0.003917
0.003937
0.003948
0.003940
0.003927
0.003937
0.003923
0.003930
0.003931
0.003953
0.003971
0.003945
0.003959
0.003948
0.003942
0.003912
0.003951
0.003946
0.003983
0.003938
0.003928
0.003927
0.003944
0.003901
0.003916
0.003937
0.003929
0.003944
0.003930
0.003925
0.003949
0.003935
0.003933
0.003917
0.003917
0.003928
0.003916
0.003926
0.003939
0.003958
0.003936
0.003967
0.003944
0.003906
0.003914
0.003947
0.003958
0.003920
0.003918
0.003936
0.003934
0.003919
0.003923
0.003951
0.003943
0.003940
0.003919
0.003948
0.003929
0.003913
0.003917
0.003928
0.003941
0.003929
0.003910
0.003900
0.003954
0.003948
0.003922
0.003931
0.003922
0.003931
0.003906
0.003926
0.003944
0.003930
0.003910
0.003944
0.003958
0.003934
0.003930
0.003948
0.003916
0.003920
0.003927
0.003914
0.003929
0.003925
0.003900
0.003931
0.003942
0.003921
0.003923
0.003921
0.003919
0.003931
0.003921
0.003923
0.003903
0.003912
0.003922
0.003926
0.003907
0.003942
0.003912
0.003921
0.003900
0.003938
0.003916
0.003902
0.003908
0.003911
0.003887
0.003910
0.003936
0.003905
0.003915
0.003902
0.003937
0.003922
0.003907
0.003907
0.003888
0.003892
0.003904
0.003909
0.003891
0.003906
0.003908
0.003890
0.003917
