0.029148
0.014196
0.013847
0.013452
0.015486
0.018253
0.013188
0.014829
0.013111
0.014132
0.018671
0.012798
0.017737
0.014443
0.013531
0.012061
0.030960
0.019509
0.013418
0.016259
0.055028
0.012671
0.014350
0.016671
0.029935
0.012562
0.017919
0.012599
0.016108
0.016625
0.012066
0.019461
0.011296
0.011744
0.012543
0.011544
0.014553
0.011385
0.014586
0.011464
0.013119
0.013640
0.011847
0.010634
0.013145
0.017976
0.010594
0.010811
0.013943
0.011065
0.012501
0.014240
0.012017
0.014018
0.010751
0.011534
0.010268
0.012590
0.010295
0.037389
0.011563
0.013533
0.009865
0.010340
0.011135
0.011202
0.013134
0.012709
0.010482
0.011894
0.011167
0.009648
0.009436
0.012429
0.009542
0.017458
0.015739
0.011075
0.011444
0.011244
0.009676
0.011958
0.010796
0.010447
0.009006
0.014662
0.014841
0.012506
0.009700
0.008941
0.011331
0.009243
0.011206
0.009510
0.009988
0.008898
0.013050
0.009936
0.012227
0.012553
0.014362
0.009160
0.008661
0.008875
0.061582
0.016353
0.013903
0.013062
0.013093
0.013228
0.013606
0.012847
0.013080
0.013318
0.013480
0.013139
0.012413
0.024905
0.026593
0.017720
0.019010
0.013077
0.016710
0.013364
0.012926
0.024376
0.014482
0.013527
0.019674
0.012881
0.020680
0.011511
0.011657
0.011925
0.011631
0.015170
0.011969
0.015251
0.012004
0.011788
0.011788
0.011259
0.015096
0.012687
0.012545
0.010724
0.009785
0.010747
0.011932
0.010390
0.011123
0.009519
0.010021
0.015067
0.011415
0.014157
0.015522
0.010433
0.009722
0.010116
0.013643
0.011672
0.011483
0.009680
0.011462
0.008818
0.009577
0.009383
0.009770
0.009752
0.014370
0.009794
0.014254
0.011278
0.008911
0.010571
0.008694
0.019897
0.010885
0.009411
0.011569
0.010317
0.013056
0.008338
0.008793
0.009660
0.008278
0.015533
0.011304
0.010313
0.009603
0.009410
0.008725
0.013173
0.011861
0.009171
0.010128
0.014289
0.008362
0.013961
0.007443
0.007278
0.007258
0.007277
0.007390
0.007292
0.007192
0.007348
0.007260
0.007270
0.007252
0.007215
0.007182
0.007344
0.007153
0.007263
0.007175
0.007119
0.007379
0.007220
0.007150
0.007395
0.007319
0.007220
0.007242
0.007044
0.007285
0.007166
0.007190
0.007054
0.007120
0.007489
0.007046
0.007021
0.007052
0.007224
0.007151
0.007397
0.007362
0.007255
0.007092
0.007165
0.007177
0.007049
0.007067
0.007179
0.007316
0.007023
0.007185
0.007102
0.007981
0.007239
0.006910
0.007093
0.007062
0.007314
0.007142
0.006959
0.007127
0.007115
0.007713
0.006989
0.007380
0.007156
0.006915
0.007090
0.007065
0.006924
0.007253
0.007031
0.007634
0.007515
0.007162
0.007271
0.007547
0.008972
0.007092
0.006923
0.006923
0.006900
0.006960
0.006970
0.007644
0.007168
0.006929
0.008143
0.007668
0.006930
0.007051
0.007268
0.007231
0.007438
0.007460
0.007124
0.007114
0.006857
0.006946
0.007038
0.006897
0.006958
0.006947
0.007072
0.006988
0.007932
0.008537
0.007195
0.006798
0.007060
0.007025
0.007005
0.007047
0.006860
0.007086
0.006972
0.007154
0.007215
0.006739
0.007042
0.006785
0.006713
0.006815
0.007565
0.006734
0.006950
0.009213
0.006875
0.006829
0.007433
0.006732
0.007171
0.008175
0.006807
0.007042
0.006991
0.007112
0.007166
0.006714
0.006930
0.006730
0.007380
0.007011
0.006693
0.006843
0.006717
0.008847
0.008370
0.006778
0.006830
0.006629
0.006664
0.006803
0.007212
0.007529
0.007777
0.006750
0.006727
0.006888
0.007091
0.007564
0.006809
0.009619
0.007370
0.011102
0.006815
0.006903
0.006844
0.006742
0.006654
0.006929
0.006688
0.006617
0.006854
0.006807
0.006587
0.006570
0.006589
0.007082
0.006569
0.006882
0.006657
0.006968
0.006739
0.006560
0.006715
0.006658
0.006908
0.006603
0.006567
0.008267
0.006570
0.006678
0.006509
0.008415
0.007098
0.006645
0.006676
0.006602
0.007120
0.006550
0.006744
0.006907
0.006888
0.008001
0.006768
0.006593
0.006766
0.006911
0.006713
0.006645
0.006551
0.006720
0.006612
0.007555
0.006513
0.006559
0.006443
0.007998
0.007741
0.009261
0.006908
0.006498
0.006501
0.008389
0.006848
0.006551
0.006528
0.006878
0.006652
0.006606
0.006551
0.006895
0.006796
0.007128
0.007776
0.006922
0.006995
0.006420
0.006608
0.006543
0.006724
0.006769
0.006416
0.006423
0.006550
0.006859
0.006535
0.006922
0.006486
0.006466
0.006751
0.006449
0.007511
0.006369
0.006476
0.006480
0.006880
0.006552
0.006581
0.006766
0.006377
0.006805
0.007122
0.007066
0.006832
0.006443
0.006585
0.006411
0.006806
0.007544
0.006631
0.006812
0.006793
0.006641
0.006656
0.006930
0.006917
0.006837
0.006539
0.011347
0.006427
0.006838
0.006593
0.006377
0.006341
0.006402
0.006679
0.006405
0.008655
0.006736
0.006664
0.006554
0.006345
0.006527
0.006579
0.006776
0.007121
0.006533
0.006351
0.006508
0.007171
0.006505
0.006280
0.006633
0.006547
0.006588
0.006402
0.006327
0.006578
0.007058
0.006698
0.006453
0.006520
0.006531
0.006436
0.006393
0.007121
0.007756
0.006434
0.006751
0.006641
0.006502
0.007550
0.006436
0.006517
0.006504
0.006558
0.006871
0.006447
0.006842
0.007007
0.008024
0.006261
0.006406
0.006414
0.006769
0.006513
0.006740
0.006433
0.006678
0.006413
0.006351
0.006311
0.006783
0.006873
0.006450
0.006396
0.006279
0.006461
0.006913
0.006517
0.007175
0.006482
0.006399
0.006945
0.006809
0.007313
0.006564
0.006891
0.006395
0.006570
0.006339
0.006450
0.006386
0.006456
0.007100
0.006366
0.007097
0.006737
0.006656
0.006424
0.006317
0.007189
0.006887
0.006538
0.006372
0.006231
0.006886
0.006779
0.006361
0.007395
0.006424
0.006675
0.006428
0.007744
0.006321
0.006460
0.006695
0.006417
0.006643
0.006244
0.006505
0.006436
0.006463
0.006511
0.006426
0.006456
0.006517
0.006418
0.006565
0.006749
0.006099
0.006081
0.006134
0.006118
0.006094
0.006082
0.006092
0.006151
0.006122
0.006076
0.006098
0.006083
0.006106
0.006102
0.006142
0.006131
0.006095
0.006143
0.006124
0.006110
0.006104
0.006075
0.006098
0.006062
0.006080
0.006063
0.006066
0.006083
0.006062
0.006071
0.006080
0.006209
0.006067
0.006106
0.006110
0.006103
0.006052
0.006082
0.006121
0.006090
0.006071
0.006071
0.006042
0.006122
0.006085
0.006145
0.006133
0.006163
0.006081
0.006286
0.006212
0.006123
0.006118
0.006131
0.006123
0.006116
0.006135
0.006110
0.006092
0.006045
0.006078
0.006094
0.006154
0.006146
0.006083
0.006061
0.006112
0.006093
0.006141
0.006104
0.006067
0.006069
0.006120
0.006091
0.006070
0.006062
0.006135
0.006122
0.006083
0.006128
0.006100
0.006114
0.006124
0.006093
0.006150
0.006118
0.006051
0.006090
0.006080
0.006127
0.006171
0.006093
0.006265
0.006095
0.006094
0.006139
0.006126
0.006125
0.006102
0.006151
0.006161
0.006130
0.006160
0.006118
0.006142
0.006154
0.006161
0.006098
0.006064
0.006044
0.006151
0.006074
0.006087
0.006143
0.006108
0.006101
0.006093
0.006114
0.006098
0.006091
0.006160
0.006155
0.006085
0.006074
0.006096
0.006122
0.006109
0.006053
0.006103
0.006105
0.006092
0.006136
0.006148
0.006267
0.006119
0.006091
0.006130
0.006074
0.006098
0.006104
0.006075
0.006111
0.006185
0.006071
0.006078
0.006080
0.006104
0.006103
0.006123
0.006185
0.006064
0.006069
0.006170
0.006137
0.006101
0.006055
0.006104
0.006086
0.006114
0.006102
0.006085
0.006175
0.006100
0.006084
0.006059
0.006074
0.006157
0.006122
0.006131
0.006135
0.006105
0.006082
0.006103
0.006111
0.006137
0.006100
0.006206
0.006226
0.006115
0.006126
0.006155
0.006203
0.006123
0.006063
0.006130
0.006117
0.006087
0.006081
0.006082
0.006100
0.006136
0.006105
0.006081
0.006128
0.006203
0.006071
0.006101
0.006078
0.006116
0.006138
0.006099
0.006109
0.006153
0.006156
0.006082
0.006106
0.006183
0.006137
0.006114
0.006194
0.006156
0.006082
0.006114
0.006128
0.006059
0.006124
0.006141
0.006177
0.006072
0.006080
0.006161
0.006137
0.006136
0.006102
0.006120
0.006165
0.006087
0.006147
0.006109
0.006122
0.006129
0.006073
0.006126
0.006096
0.006099
0.006140
0.006135
0.006070
0.006131
0.006114
0.006097
0.006187
0.006145
0.006106
0.006138
0.006220
0.006123
0.006102
0.006149
0.006118
0.006076
0.006103
0.006160
0.006123
0.006101
0.006092
0.006121
0.006110
0.006097
0.006098
0.006128
0.006122
0.006140
0.006092
0.006114
0.006132
0.006118
0.006173
0.006106
0.006088
0.006105
0.006133
0.006050
0.006136
0.006137
0.006158
0.006124
0.006108
0.006123
0.006091
0.006097
0.006140
0.006097
0.006086
0.006134
0.006154
0.006166
0.006097
0.006102
0.006186
0.006087
0.006108
0.006091
0.006089
0.006131
0.006148
0.006079
0.006113
0.006073
0.006101
0.006169
0.006123
0.006143
0.006058
0.006127
0.006080
0.006165
0.006101
0.006073
0.006037
0.006045
0.006129
0.006105
0.006093
0.006122
0.006127
0.006080
0.006088
0.006101
0.006111
0.006125
0.006081
0.006138
0.006118
0.006049
0.006101
0.006081
0.006147
0.006129
0.006061
0.006107
0.006134
0.006147
0.006116
0.006094
0.006111
0.006190
0.006102
0.006164
0.006078
0.006146
0.006070
0.006098
0.006174
0.006092
0.006250
0.006136
0.006062
0.006100
0.006143
0.006116
0.006136
0.006124
0.006167
0.006079
0.006099
0.006108
0.006079
0.006122
0.006118
0.006124
0.006093
0.006078
0.006043
0.006093
0.006163
0.006145
0.006161
0.006076
0.006106
0.006127
0.006064
0.006163
0.006088
0.006100
0.006099
0.006086
0.006136
0.006093
0.006127
0.006112
0.006068
0.006078
0.006131
0.006105
0.006119
0.006157
0.006137
0.006116
0.006102
0.006077
0.006092
0.006096
0.006098
0.006149
0.006110
0.006089
0.006069
0.006126
0.006129
