0.010660
0.010049
0.009561
0.010081
0.011200
0.027851
0.009903
0.010242
0.009779
0.008609
0.009356
0.008708
0.008537
0.008022
0.008458
0.008739
0.008236
0.007531
0.007116
0.008245
0.008904
0.009854
0.007690
0.007056
0.007430
0.020301
0.016507
0.007240
0.008465
0.006905
0.007076
0.006459
0.008025
0.006688
0.007940
0.009212
0.006639
0.006529
0.006574
0.008450
0.007567
0.007157
0.008068
0.006479
0.006259
0.006456
0.008418
0.006396
0.006954
0.007618
0.006941
0.005899
0.007504
0.006777
0.008546
0.005814
0.005259
0.005658
0.005661
0.012955
0.005689
0.005764
0.007447
0.006083
0.005894
0.005920
0.005648
0.005856
0.005114
0.007490
0.005764
0.004872
0.005517
0.010683
0.005627
0.004916
0.004598
0.006393
0.006307
0.004973
0.006364
0.005177
0.004581
0.004309
0.004800
0.009149
0.004697
0.007553
0.007321
0.004194
0.004779
0.004211
0.005166
0.005046
0.005821
0.003843
0.003913
0.008447
0.004267
0.004823
0.004937
0.004063
0.004264
0.003567
0.003918
0.004440
0.004039
0.005258
0.004353
0.003691
0.003832
0.003772
0.003689
0.003626
0.003640
0.003594
0.003758
0.004642
0.004343
0.004241
0.003892
0.003430
0.003877
0.003564
0.003568
0.004344
0.003923
0.004252
0.005666
0.003245
0.004243
0.003543
0.003656
0.003415
0.003634
0.003590
0.003577
0.005306
0.003933
0.003494
0.003512
0.003443
0.003765
0.003563
0.003772
0.003329
0.003539
0.009541
0.009070
0.007779
0.006726
0.006835
0.006592
0.007531
0.006357
0.006016
0.006602
0.006301
0.007944
0.005622
0.007302
0.006066
0.006268
0.006747
0.005491
0.006094
0.004615
0.004733
0.006107
0.005316
0.004931
0.004320
0.004400
0.004183
0.004917
0.004224
0.005262
0.004839
0.009833
0.004933
0.004358
0.004294
0.004077
0.003965
0.004356
0.003867
0.004362
0.003804
0.003939
0.004010
0.003918
0.003987
0.003518
0.016968
0.004910
0.005837
0.004297
0.006078
0.004314
0.004155
0.003730
0.003739
0.003716
0.003797
0.004491
0.003601
0.003687
0.003608
0.003599
0.003884
0.003774
0.003789
0.023188
0.008037
0.007805
0.006687
0.008808
0.007271
0.006482
0.005780
0.005955
0.005807
0.010421
0.005317
0.006613
0.006583
0.005192
0.005712
0.005010
0.005009
0.005083
0.005645
0.004664
0.005457
0.004688
0.005016
0.005298
0.004757
0.004535
0.004465
0.005188
0.004510
0.004556
0.004897
0.005423
0.004976
0.005106
0.004876
0.004965
0.004614
0.004024
0.004638
0.005025
0.005169
0.004842
0.004781
0.005103
0.004284
0.004089
0.004409
0.004722
0.003960
0.007967
0.004794
0.005062
0.004495
0.003778
0.007233
0.004169
0.004099
0.004720
0.004588
0.003928
0.004856
0.003838
0.003718
0.003839
0.005226
0.003966
0.003870
0.004121
0.003661
0.004195
0.003709
0.003749
0.003643
0.003810
0.003810
0.003808
0.003911
0.004345
0.003491
0.003958
0.003491
0.004764
0.003836
0.003657
0.003997
0.003632
0.003540
0.007503
0.005771
0.003790
0.006824
0.007285
0.005561
0.004559
0.003979
0.004642
0.004572
0.003761
0.003650
0.004530
0.003651
0.004056
0.003371
0.011112
0.006816
0.005417
0.005034
0.004816
0.004579
0.004124
0.004368
0.004009
0.003581
0.003833
0.003942
0.003872
0.003602
0.003586
0.003651
0.003555
0.003786
0.003623
0.004652
0.003858
0.003830
0.005418
0.003739
0.003726
0.003674
0.003618
0.003957
0.004354
0.004989
0.003822
0.003704
0.007393
0.004542
0.003434
0.003869
0.003888
0.003696
0.003434
0.003569
0.003579
0.003877
0.003443
0.003556
0.003604
0.003886
0.003294
0.003482
0.003604
0.008855
0.007053
0.006656
0.006258
0.006464
0.005659
0.005648
0.005343
0.005235
0.004906
0.005237
0.005138
0.005069
0.005017
0.004622
0.004370
0.004604
0.004498
0.004862
0.004818
0.004311
0.004447
0.004940
0.004528
0.004303
0.004495
0.004438
0.004177
0.004282
0.004531
0.004688
0.004340
0.005000
0.004047
0.004136
0.004189
0.004437
0.004186
0.004107
0.003921
0.003868
0.004108
0.004085
0.003913
0.003962
0.003890
0.003942
0.003937
0.004080
0.004013
0.004070
0.004030
0.003940
0.003882
0.003782
0.003814
0.003831
0.003832
0.003774
0.004004
0.003979
0.003681
0.003896
0.003726
0.003928
0.004010
0.003804
0.004615
0.003882
0.004059
0.003810
0.003712
0.003730
0.003692
0.003841
0.003997
0.004483
0.003714
0.003847
0.003897
0.003800
0.003629
0.003583
0.003671
0.003610
0.003656
0.003767
0.004009
0.003899
0.003639
0.003707
0.003739
0.003594
0.003776
0.003640
0.003487
0.003601
0.003933
0.004309
0.003657
0.003931
0.003634
0.003600
0.003760
0.003637
0.003852
0.004203
0.003552
0.003703
0.003618
0.003676
0.004335
0.003707
0.003850
0.003786
0.003572
0.004677
0.004096
0.003680
0.003568
0.003666
0.003710
0.003679
0.003451
0.003575
0.003517
0.003691
0.003496
0.003986
0.003468
0.003774
0.003723
0.003491
0.003702
0.004067
0.003513
0.003543
0.003433
0.003462
0.003714
0.003291
0.003419
0.003747
0.003819
0.003845
0.003401
0.003583
0.003521
0.003761
0.003513
0.003866
0.003601
0.003497
0.003721
0.003880
0.003494
0.003729
0.003758
0.003467
0.003824
0.003378
0.003455
0.003583
0.003556
0.003349
0.003316
0.003668
0.003381
0.003586
0.003469
0.003549
0.004139
0.004953
0.004952
0.003703
0.003480
0.003533
0.003976
0.003594
0.003545
0.003563
0.003361
0.003478
0.003685
0.003324
0.003402
0.003276
0.003572
0.003546
0.003492
0.004755
0.004041
0.003749
0.003464
0.003612
0.003419
0.003612
0.003301
0.003291
0.003493
0.003357
0.003562
0.003370
0.003364
0.003635
0.003360
0.003421
0.003371
0.003340
0.003680
0.003404
0.003414
0.003334
0.003442
0.003588
0.003402
0.003924
0.003403
0.003390
0.003574
0.003526
0.003340
0.003760
0.004075
0.003381
0.003501
0.003315
0.003229
0.003675
0.003539
0.003350
0.003377
0.003454
0.003405
0.003439
0.003545
0.003395
0.003383
0.003344
0.003280
0.003419
0.003430
0.003184
0.003359
0.003249
0.003685
0.003309
0.003687
0.003358
0.003324
0.003359
0.003397
0.003629
0.003539
0.003941
0.003444
0.003438
0.003215
0.003253
0.003353
0.003601
0.003499
0.003392
0.003656
0.003562
0.003316
0.003478
0.003479
0.003459
0.003426
0.003433
0.003352
0.003483
0.003286
0.003500
0.003225
0.003498
0.003327
0.003282
0.003423
0.003715
0.003374
0.003303
0.003251
0.003237
0.003339
0.004214
0.003399
0.003145
0.004004
0.003588
0.003482
0.003370
0.003424
0.003394
0.003360
0.003747
0.003456
0.003233
0.003517
0.003353
0.003272
0.003216
0.003212
0.003336
0.003395
0.003550
0.003489
0.003375
0.003484
0.003300
0.003487
0.003346
0.003336
0.003395
0.003903
0.003211
0.003437
0.003555
0.003549
0.003330
0.003210
0.003320
0.003351
0.003277
0.003500
0.003102
0.003310
0.003746
0.003477
0.003303
0.003226
0.003396
0.003670
0.003514
0.003359
0.003341
0.003455
0.003461
0.004292
0.003299
0.003674
0.003296
0.003342
0.003215
0.003307
0.003193
0.003134
0.003336
0.003417
0.004400
0.003695
0.003695
0.003273
0.003674
0.003519
0.003127
0.003119
0.003266
0.003276
0.003070
0.003227
0.003205
0.003207
0.003374
0.003082
0.003307
0.003134
0.003196
0.003892
0.003237
0.003136
0.003234
0.003373
0.003137
0.003088
0.003198
0.003078
0.003119
0.003037
0.003084
0.003223
0.003240
0.003282
0.003212
0.003092
0.003130
0.003318
0.003150
0.003074
0.003170
0.003219
0.003167
0.003034
0.003558
0.003216
0.003250
0.003089
0.003067
0.003429
0.003351
0.003307
0.003284
0.003382
0.003121
0.003220
0.003440
0.003068
0.003125
0.003128
0.003033
0.003099
0.003083
0.003016
0.003216
0.003146
0.003073
0.003100
0.003260
0.003535
0.003387
0.003251
0.004261
0.003118
0.003382
0.003208
0.003042
0.003119
0.003167
0.003063
0.003241
0.003288
0.003221
0.003456
0.003040
0.003180
0.003150
0.003212
0.003081
0.003050
0.003055
0.003328
0.003210
0.003095
0.003154
0.003099
0.004983
0.003360
0.003581
0.003239
0.003264
0.003288
0.005068
0.003723
0.003420
0.003265
0.003326
0.003141
0.003224
0.003150
0.003204
0.003157
0.003101
0.003137
0.003145
0.003061
0.003145
0.003098
0.003214
0.003139
0.003085
0.003088
0.003109
0.003191
0.003297
0.003171
0.003084
0.003191
0.003137
0.003290
0.003177
0.003022
0.003252
0.003113
0.003217
0.003340
0.003137
0.003253
0.003128
0.003043
0.003237
0.003159
0.003198
0.003295
0.003201
0.003107
0.003222
0.003205
0.003203
0.003867
0.003373
0.003378
0.003362
0.003281
0.003274
0.003240
0.003188
0.003170
0.003237
0.003149
0.003151
0.003280
0.003316
0.003256
0.003106
0.003180
0.003278
0.003168
0.003196
0.003101
0.003122
0.003147
0.003212
0.003161
0.003045
0.003167
0.003154
0.003132
0.003111
0.003297
0.003258
0.003229
0.003178
0.003114
0.003244
0.003261
0.003097
0.003107
0.003313
0.003341
0.002978
0.003316
0.003174
0.003165
0.003087
0.003128
0.003327
0.003128
0.003144
0.003172
0.003140
0.003187
0.003183
0.003082
0.003044
0.003435
0.003334
0.003097
0.003117
0.003088
0.002924
0.003158
0.003052
0.002987
0.003019
0.003334
0.002980
0.003169
0.003254
0.003187
0.003146
0.003295
0.003054
0.003110
0.003194
0.003160
0.003031
0.003077
0.003202
0.003183
0.003146
0.003138
0.003207
0.003090
0.003336
0.003373
0.003436
0.003227
0.003311
0.003082
0.003169
0.003038
0.003205
0.003212
0.003278
0.003124
0.003128
0.003098
0.003114
0.003106
0.003158
0.003029
0.003155
0.003208
0.002996
0.003224
0.003134
0.003418
0.003137
0.003293
0.003248
0.003208
0.003131
0.003150
0.003158
0.003296
0.003213
0.003137
0.003272
0.003106
0.003633
0.003083
0.003091
0.003241
0.003090
0.003026
0.003411
0.003410
0.003200
0.003158
0.003173
0.003153
0.003146
0.003211
0.003078
