0.024004
0.010660
0.010060
0.009503
0.009219
0.010863
0.010284
0.010018
0.009798
0.009167
0.009029
0.008890
0.008766
0.008539
0.008598
0.008535
0.008165
0.007799
0.007519
0.007378
0.007219
0.007908
0.007374
0.007009
0.006921
0.007322
0.009008
0.007953
0.006880
0.006639
0.006723
0.006506
0.006466
0.006512
0.006541
0.006667
0.006594
0.006359
0.006192
0.006300
0.006174
0.005976
0.005954
0.006116
0.005957
0.005941
0.005854
0.006017
0.005667
0.005623
0.005452
0.005529
0.005474
0.005336
0.005453
0.005257
0.005157
0.005046
0.004991
0.005167
0.004859
0.004924
0.004687
0.004387
0.004579
0.004275
0.004295
0.004523
0.004632
0.004163
0.004372
0.004203
0.003933
0.004010
0.004114
0.003815
0.003666
0.003887
0.004140
0.003869
0.003928
0.003553
0.003442
0.003157
0.003268
0.003505
0.003170
0.002966
0.003181
0.003012
0.003040
0.002941
0.002779
0.002796
0.002491
0.002414
0.002501
0.002740
0.002890
0.002744
0.002644
0.002525
0.002445
0.002406
0.002145
0.002261
0.002264
0.002040
0.002027
0.001941
0.001852
0.002042
0.001834
0.001935
0.001640
0.001608
0.001759
0.001648
0.001874
0.001585
0.001543
0.001623
0.001548
0.001681
0.001780
0.001647
0.001544
0.001682
0.001846
0.001756
0.001498
0.001627
0.001504
0.001430
0.001383
0.001391
0.001496
0.001324
0.001603
0.001395
0.001337
0.001330
0.001372
0.001197
0.001248
0.001299
0.001248
0.009770
0.009586
0.008779
0.007216
0.006480
0.006501
0.006119
0.005949
0.005536
0.005530
0.005321
0.005245
0.005095
0.004851
0.004713
0.004449
0.004411
0.004447
0.004303
0.004158
0.003853
0.003903
0.003695
0.003755
0.003595
0.003582
0.003225
0.003100
0.003003
0.002902
0.003116
0.003239
0.003030
0.002817
0.002553
0.002507
0.002393
0.002255
0.002370
0.002321
0.002209
0.002314
0.002080
0.002077
0.002148
0.001928
0.003999
0.005647
0.004325
0.003506
0.002869
0.002779
0.002387
0.002250
0.002188
0.002239
0.001934
0.002105
0.001996
0.001773
0.001609
0.001705
0.001604
0.001691
0.001717
0.003799
0.008579
0.007308
0.006633
0.006364
0.006191
0.006087
0.005722
0.005565
0.005508
0.005366
0.005067
0.004915
0.004859
0.004612
0.004494
0.004434
0.004238
0.004043
0.003957
0.003678
0.003795
0.003543
0.003417
0.003211
0.003086
0.003441
0.002960
0.002843
0.002753
0.002920
0.002695
0.002508
0.002594
0.002463
0.002438
0.002465
0.002153
0.002017
0.002086
0.002183
0.002177
0.001965
0.001765
0.001813
0.001823
0.001829
0.001863
0.001827
0.001615
0.001560
0.001862
0.001799
0.001811
0.001679
0.001499
0.001578
0.001586
0.001384
0.001420
0.001705
0.001477
0.001359
0.001260
0.001208
0.001400
0.001278
0.001285
0.001293
0.001258
0.001242
0.001204
0.001124
0.001130
0.001285
0.001131
0.001212
0.001385
0.001117
0.001122
0.001056
0.001078
0.001074
0.001356
0.001235
0.001174
0.001160
0.001115
0.001124
0.002017
0.001443
0.001655
0.002794
0.002864
0.001884
0.001846
0.001846
0.001455
0.001337
0.001211
0.001213
0.001177
0.001141
0.001056
0.004861
0.005957
0.004965
0.004113
0.003109
0.002729
0.002315
0.002085
0.001901
0.001517
0.001565
0.001366
0.001396
0.001284
0.001208
0.001236
0.001244
0.001123
0.001044
0.001244
0.001207
0.001029
0.001090
0.001077
0.001037
0.000998
0.001000
0.001015
0.001207
0.001374
0.001188
0.001083
0.000998
0.001038
0.000994
0.000987
0.000955
0.000963
0.000935
0.000826
0.000920
0.000969
0.000831
0.000823
0.000875
0.000895
0.000884
0.000824
0.000859
0.007901
0.007839
0.006662
0.006156
0.005740
0.005464
0.005178
0.004816
0.004503
0.004149
0.003982
0.003850
0.003740
0.003518
0.003400
0.003121
0.003012
0.002923
0.002691
0.002648
0.002450
0.002450
0.002364
0.002276
0.002242
0.002153
0.002233
0.002023
0.002356
0.001961
0.002137
0.001906
0.001857
0.001950
0.001783
0.001718
0.001677
0.001619
0.001570
0.001498
0.001586
0.001519
0.001580
0.001551
0.001511
0.001489
0.001392
0.001305
0.001395
0.001356
0.001686
0.001425
0.001368
0.001337
0.001322
0.001308
0.001272
0.001187
0.001185
0.001296
0.001245
0.001362
0.001184
0.001188
0.001171
0.001176
0.001174
0.001215
0.001197
0.001212
0.001167
0.001107
0.001047
0.001100
0.001181
0.001255
0.001162
0.001146
0.001002
0.000975
0.001037
0.000994
0.000975
0.001029
0.000979
0.000984
0.000938
0.001023
0.001030
0.000975
0.000927
0.001022
0.000956
0.000934
0.000882
0.000854
0.000850
0.000962
0.000868
0.000810
0.000861
0.000869
0.000848
0.000871
0.000825
0.000905
0.000891
0.000872
0.000856
0.000888
0.000795
0.000902
0.000989
0.000859
0.000839
0.000766
0.000947
0.001194
0.000864
0.000821
0.000767
0.000769
0.000816
0.000734
0.000770
0.000736
0.000723
0.000817
0.000735
0.000718
0.000744
0.000677
0.000681
0.000791
0.000742
0.000832
0.000738
0.000732
0.000676
0.000652
0.000763
0.000667
0.000667
0.000663
0.000692
0.000713
0.000715
0.000693
0.000666
0.000617
0.000784
0.000665
0.000685
0.000755
0.000639
0.000642
0.000668
0.000730
0.000637
0.000648
0.000615
0.000606
0.000642
0.000690
0.000656
0.000626
0.000589
0.000572
0.000644
0.000573
0.000558
0.000603
0.000639
0.000724
0.000745
0.000598
0.000674
0.000638
0.000635
0.000569
0.000589
0.000558
0.000569
0.000577
0.000555
0.000550
0.000519
0.000599
0.000572
0.000557
0.000682
0.001016
0.000720
0.000627
0.000532
0.000542
0.000507
0.000547
0.000537
0.000549
0.000651
0.000542
0.000536
0.000509
0.000527
0.000528
0.000498
0.000523
0.000494
0.000522
0.000490
0.000480
0.000483
0.000541
0.000504
0.000524
0.000504
0.000470
0.000461
0.000459
0.000505
0.000494
0.000512
0.000803
0.000600
0.000566
0.000484
0.000477
0.000538
0.000505
0.000505
0.000465
0.000460
0.000470
0.000439
0.000488
0.000523
0.000479
0.000454
0.000447
0.000465
0.000497
0.000478
0.000441
0.000427
0.000464
0.000451
0.000453
0.000475
0.000438
0.000461
0.000469
0.000436
0.000443
0.000415
0.000531
0.000475
0.000462
0.000463
0.000489
0.000557
0.000439
0.000420
0.000474
0.000464
0.000466
0.000438
0.000436
0.000423
0.000408
0.000489
0.000442
0.000414
0.000391
0.000456
0.000470
0.000408
0.000414
0.000399
0.000407
0.000423
0.000402
0.000390
0.000387
0.000433
0.000392
0.000439
0.000489
0.000391
0.000385
0.000480
0.000423
0.000435
0.000400
0.000394
0.000358
0.000397
0.000415
0.000372
0.000404
0.000367
0.000385
0.000382
0.000354
0.000349
0.000351
0.000353
0.000383
0.000379
0.000367
0.000407
0.000425
0.000396
0.000444
0.000377
0.000401
0.000382
0.000383
0.000417
0.000436
0.000361
0.000373
0.000370
0.000377
0.000374
0.000371
0.000379
0.000356
0.000376
0.000348
0.000338
0.000322
0.000327
0.000345
0.000382
0.000383
0.000341
0.000382
0.000412
0.000505
0.000543
0.000478
0.000367
0.000342
0.000334
0.000320
0.000336
0.000341
0.000347
0.000342
0.000837
0.001099
0.000651
0.000492
0.000471
0.000536
0.000378
0.000363
0.000345
0.000346
0.000338
0.000316
0.000328
0.000328
0.000337
0.000316
0.000326
0.000341
0.000349
0.000345
0.000417
0.000325
0.000328
0.000327
0.000341
0.000338
0.000337
0.000370
0.000324
0.000316
0.000313
0.000353
0.000329
0.000325
0.000333
0.000324
0.000346
0.000399
0.000318
0.000311
0.000348
0.000312
0.000305
0.000304
0.000362
0.000331
0.000301
0.000297
0.000321
0.000341
0.000304
0.000339
0.000331
0.000337
0.000321
0.000308
0.000334
0.000309
0.000303
0.000297
0.000324
0.000317
0.000300
0.000305
0.000355
0.000335
0.000307
0.000324
0.000297
0.000307
0.000323
0.000323
0.000353
0.000413
0.000360
0.000338
0.000293
0.000303
0.000341
0.000315
0.000294
0.000302
0.000286
0.000301
0.000298
0.000300
0.000290
0.000322
0.000330
0.000319
0.000286
0.000290
0.000295
0.000289
0.000280
0.000278
0.000326
0.000376
0.000317
0.000322
0.000291
0.000290
0.000441
0.001124
0.000482
0.000364
0.000344
0.000312
0.000289
0.000287
0.000301
0.000290
0.000296
0.000286
0.000289
0.000269
0.000316
0.000349
0.000329
0.000341
0.000302
0.000278
0.000289
0.000295
0.000279
0.000296
0.000305
0.000277
0.000277
0.000266
0.000282
0.000304
0.000326
0.000299
0.000266
0.000302
0.000285
0.000266
0.000278
0.000285
0.000508
0.000346
0.000319
0.000291
0.000284
0.000266
0.000260
0.000272
0.000306
0.002044
0.000832
0.000542
0.000455
0.000385
0.000363
0.000339
0.000320
0.000297
0.000303
0.000312
0.000301
0.000321
0.000296
0.000286
0.000292
0.000307
0.000288
0.000288
0.000279
0.000281
0.000280
0.000299
0.000318
0.000293
0.000279
0.000306
0.000263
0.000295
0.000284
0.000283
0.000285
0.000298
0.000289
0.000279
0.000259
0.000279
0.000271
0.000273
0.000258
0.000287
0.000285
0.000263
0.000264
0.000280
0.000253
0.000265
0.000288
0.000279
0.000252
0.000278
0.000287
0.000268
0.000267
0.000250
0.000258
0.000271
0.000278
0.000283
0.000253
0.000265
0.000261
0.000273
0.000286
0.000252
0.000262
0.000269
0.000267
0.000308
0.000263
0.000266
0.000277
0.000248
0.000255
0.000269
0.000267
0.000269
0.000273
0.000265
0.000254
0.000262
0.000296
0.000267
0.000250
0.000297
0.000261
0.000274
0.000288
0.000289
0.000311
0.000290
0.000253
0.000263
0.000241
0.000272
0.000274
0.000254
0.000276
0.000271
0.000250
0.000263
0.000238
0.000268
0.000272
0.000278
0.000242
0.000240
0.000245
0.000270
0.000276
0.000287
0.000253
0.000254
0.000261
0.000262
0.000265
0.000245
0.000256
0.000233
0.000242
0.000234
0.000285
0.000260
0.000251
0.000257
0.000256
0.000261
0.000258
0.000255
0.000249
0.000252
0.000249
0.000241
0.000249
0.000228
0.000239
