0.028107
0.013396
0.013335
0.013747
0.013778
0.013257
0.013279
0.013151
0.013011
0.013288
0.012918
0.012793
0.013149
0.012707
0.012972
0.012808
0.012522
0.012651
0.012277
0.018464
0.016329
0.013493
0.013170
0.013665
0.013245
0.013069
0.013069
0.012791
0.012762
0.012202
0.011897
0.011943
0.011543
0.011342
0.011543
0.011324
0.011215
0.010843
0.011078
0.010553
0.010818
0.010713
0.010657
0.010654
0.010629
0.011756
0.011129
0.010833
0.010757
0.010375
0.010435
0.009946
0.011600
0.012579
0.011807
0.010945
0.010407
0.010590
0.010549
0.009960
0.010320
0.009845
0.010275
0.009579
0.009852
0.009855
0.009696
0.009670
0.009640
0.009765
0.009907
0.009359
0.009437
0.009547
0.009636
0.009783
0.009836
0.009551
0.009403
0.009899
0.010571
0.011782
0.011500
0.010879
0.010093
0.009602
0.009859
0.009667
0.011560
0.011293
0.010520
0.011055
0.009950
0.009744
0.009871
0.009829
0.009885
0.009625
0.009477
0.009490
0.009630
0.009126
0.009214
0.009073
0.009361
0.009066
0.009310
0.009232
0.009103
0.009154
0.008983
0.008865
0.008744
0.009214
0.009419
0.009172
0.011327
0.010065
0.009882
0.009328
0.009238
0.009108
0.008948
0.009152
0.009006
0.009340
0.008725
0.008881
0.008705
0.008710
0.008585
0.008671
0.008332
0.008759
0.008480
0.008966
0.008515
0.008760
0.008421
0.008497
0.007943
0.008252
0.008355
0.008050
0.008076
0.008170
0.008000
0.007852
0.008090
0.007814
0.007716
0.007547
0.007521
0.007332
0.007585
0.007444
0.007250
0.007342
0.007266
0.007120
0.007084
0.007086
0.006980
0.007091
0.006871
0.006825
0.007150
0.007242
0.006897
0.006999
0.007027
0.006547
0.006669
0.006827
0.006683
0.007436
0.006554
0.006461
0.006975
0.008507
0.007778
0.007261
0.006966
0.007151
0.006786
0.006730
0.007075
0.006767
0.006274
0.006548
0.006430
0.006651
0.006899
0.006530
0.006449
0.006348
0.006343
0.006265
0.009988
0.009687
0.009297
0.009042
0.009097
0.008615
0.008596
0.009538
0.010944
0.009919
0.009384
0.009889
0.008956
0.009185
0.010770
0.009537
0.008541
0.009034
0.009114
0.008237
0.007854
0.007614
0.007679
0.007787
0.007473
0.007193
0.007264
0.007007
0.007231
0.006948
0.006707
0.006683
0.006435
0.006749
0.006841
0.006814
0.006552
0.006336
0.006401
0.006563
0.006240
0.006352
0.006284
0.006288
0.006287
0.005956
0.005930
0.006112
0.006351
0.005992
0.006170
0.005991
0.005956
0.006144
0.006399
0.006509
0.006083
0.006306
0.006199
0.006182
0.005851
0.006066
0.006249
0.006459
0.006351
0.006281
0.005932
0.006070
0.005903
0.005588
0.005910
0.005725
0.006003
0.005763
0.005720
0.006243
0.006230
0.005973
0.005744
0.005691
0.005611
0.005964
0.005488
0.005788
0.005885
0.006201
0.006699
0.005815
0.005702
0.005939
0.007105
0.006521
0.007140
0.013120
0.010991
0.010190
0.009915
0.010559
0.009692
0.009315
0.009345
0.009405
0.009369
0.009324
0.008734
0.008536
0.008469
0.008449
0.008448
0.008485
0.008292
0.008327
0.008573
0.008296
0.008433
0.009093
0.008441
0.007803
0.007823
0.007601
0.007939
0.007733
0.007633
0.007811
0.007518
0.007180
0.007281
0.007233
0.007243
0.007235
0.007256
0.007221
0.007125
0.006898
0.006752
0.007058
0.006750
0.006774
0.007161
0.006760
0.006721
0.006517
0.006570
0.006938
0.007386
0.006267
0.006242
0.006680
0.006662
0.006223
0.006234
0.006697
0.006551
0.006205
0.006027
0.006109
0.006104
0.006405
0.006207
0.006113
0.006031
0.006042
0.006126
0.005829
0.005985
0.006107
0.005791
0.005599
0.005598
0.005532
0.006264
0.005949
0.005558
0.005710
0.005848
0.005918
0.005371
0.005654
0.005891
0.005683
0.005605
0.009959
0.009256
0.008649
0.008073
0.007772
0.007527
0.007469
0.007435
0.025046
0.014820
0.013269
0.012542
0.012390
0.012042
0.011650
0.011027
0.010323
0.010287
0.009684
0.009768
0.009626
0.009535
0.009465
0.009524
0.009297
0.009141
0.009300
0.009159
0.008944
0.009137
0.009102
0.008936
0.008844
0.008752
0.008954
0.009157
0.008959
0.008533
0.008708
0.008718
0.008773
0.008423
0.008319
0.008130
0.008381
0.008080
0.008198
0.008157
0.008229
0.007986
0.007882
0.007777
0.008400
0.008523
0.008235
0.008168
0.008016
0.007967
0.007739
0.007719
0.008152
0.007898
0.007523
0.007426
0.007439
0.007503
0.007274
0.008050
0.007670
0.007880
0.007407
0.007328
0.007333
0.007629
0.007325
0.007242
0.007564
0.007331
0.007059
0.006916
0.007132
0.006896
0.007120
0.007072
0.006879
0.007085
0.007463
0.007558
0.006900
0.006769
0.006872
0.006825
0.006644
0.006745
0.006540
0.006701
0.006538
0.006553
0.006518
0.006639
0.006544
0.006543
0.006896
0.006631
0.006600
0.006761
0.006151
0.006128
0.006340
0.006286
0.006396
0.006395
0.006577
0.006654
0.006250
0.006239
0.006667
0.006111
0.005927
0.005846
0.006209
0.006271
0.006257
0.005939
0.005887
0.005970
0.005990
0.005960
0.006102
0.006005
0.006139
0.005885
0.005862
0.006196
0.006727
0.006155
0.005705
0.006252
0.005984
0.005693
0.006840
0.006638
0.006162
0.005868
0.005819
0.005567
0.005997
0.005800
0.006127
0.005972
0.005774
0.005746
0.005791
0.005657
0.005684
0.005960
0.005499
0.005610
0.005793
0.005658
0.005366
0.005551
0.005816
0.005924
0.005480
0.005463
0.005611
0.005786
0.005505
0.005582
0.005348
0.005556
0.005606
0.005552
0.005934
0.005475
0.005492
0.005628
0.005660
0.005695
0.005868
0.005698
0.005581
0.005398
0.005779
0.005485
0.005231
0.005417
0.005447
0.005353
0.005258
0.005263
0.005745
0.005703
0.006171
0.006022
0.005506
0.005199
0.005395
0.005199
0.005191
0.005089
0.005327
0.005605
0.005675
0.005459
0.005332
0.005418
0.005110
0.005542
0.005466
0.005416
0.005133
0.005381
0.005176
0.005306
0.005148
0.005170
0.005219
0.005221
0.005382
0.005147
0.005185
0.005032
0.004916
0.005066
0.005869
0.005436
0.005595
0.005228
0.005013
0.004974
0.004939
0.005433
0.005084
0.005107
0.004968
0.005023
0.005038
0.005210
0.005375
0.005177
0.005412
0.010906
0.009964
0.009980
0.009540
0.009277
0.008918
0.008916
0.008833
0.008602
0.008809
0.008252
0.008282
0.008102
0.008243
0.007698
0.007892
0.008057
0.007942
0.007379
0.007237
0.007451
0.007260
0.007248
0.007537
0.007774
0.007206
0.006947
0.007076
0.006741
0.006680
0.006538
0.006711
0.006943
0.006878
0.007122
0.006791
0.007391
0.006510
0.006742
0.006342
0.006399
0.006205
0.006147
0.006400
0.006235
0.006000
0.006186
0.006399
0.005956
0.006187
0.005970
0.006105
0.005895
0.005975
0.005884
0.005711
0.006240
0.005699
0.005918
0.005766
0.005869
0.006308
0.006116
0.005990
0.005802
0.005567
0.005352
0.005580
0.005523
0.005651
0.005256
0.005412
0.005618
0.005559
0.005693
0.009454
0.009688
0.009276
0.008984
0.008619
0.008428
0.007856
0.007964
0.007514
0.007178
0.007034
0.006761
0.006833
0.006551
0.007104
0.006276
0.006161
0.006389
0.006459
0.006446
0.006403
0.006741
0.005937
0.005834
0.005869
0.005951
0.006162
0.005920
0.005659
0.005692
0.005845
0.005716
0.005654
0.005575
0.005673
0.005436
0.005632
0.005680
0.006412
0.005701
0.005238
0.005559
0.005344
0.005413
0.005420
0.005487
0.005321
0.005134
0.005226
0.005111
0.005189
0.005202
0.005829
0.005296
0.005183
0.005530
0.005942
0.005398
0.005216
0.005275
0.005234
0.005430
0.005347
0.005069
0.005174
0.005109
0.005495
0.005134
0.004958
0.004891
0.005236
0.005233
0.004914
0.005123
0.004932
0.004976
0.005290
0.005171
0.004915
0.005296
0.005258
0.005155
0.004861
0.004930
0.005210
0.006127
0.005498
0.005102
0.005156
0.004827
0.004951
0.004974
0.004896
0.004807
0.005104
0.005084
0.005344
0.005350
0.005503
0.005060
0.005059
0.005271
0.005064
0.005010
0.004960
0.004803
0.004817
0.005474
0.004796
0.004983
0.005209
0.004883
0.004811
0.004758
0.005176
0.004957
0.005095
0.004980
0.004800
0.005140
0.005256
0.005191
0.005463
0.005312
0.005012
0.005000
0.005356
0.005261
0.005153
0.004919
0.005232
0.004934
0.005145
0.005137
0.004983
0.004939
0.005024
0.004844
0.004834
0.005050
0.004810
0.004747
0.004871
0.004650
0.004703
0.005103
0.005097
0.005096
0.005193
0.004795
0.005043
0.005313
0.004756
0.004773
0.004679
0.005138
0.005108
0.005114
0.005058
0.005160
0.006006
0.005027
0.004887
0.004965
0.004972
0.005176
0.004965
0.005003
0.007452
0.006435
0.005586
0.005164
0.004975
0.005040
0.004960
0.004932
0.086660
0.019261
0.014193
0.013498
0.011235
0.010822
0.010832
0.010583
0.009376
0.009278
0.008286
0.008216
0.008250
0.008130
0.007956
0.007748
0.007916
0.008089
0.007462
0.007432
0.007684
0.007517
0.007064
0.007045
0.007226
0.007096
0.006769
0.006792
0.006416
0.006495
0.006721
0.006376
0.006337
0.006334
0.006221
0.005996
0.006084
0.005980
0.005942
0.006033
0.006225
0.006058
0.005860
0.005876
0.005646
0.005754
0.005889
0.005638
0.005669
0.005542
0.005774
0.005807
0.005518
0.005655
0.005472
0.005704
0.005323
0.005775
0.005943
0.005386
0.005313
0.005397
0.004970
0.005038
0.005053
0.005321
0.005217
0.005068
0.004992
0.005224
0.004949
0.004954
0.004634
0.004882
0.004734
0.004734
0.004480
0.004465
0.004625
0.004821
0.004614
0.004598
0.004653
0.004565
0.004476
0.004753
0.004644
0.004867
0.004301
0.004182
0.004408
0.004344
0.004421
0.004475
0.004122
0.003805
0.006884
0.013032
0.011008
0.010777
0.010359
0.010547
0.010102
0.010228
0.010304
0.009981
0.009898
0.009807
0.009393
0.008679
0.008283
0.007684
0.007581
0.007392
0.007165
0.007080
0.006981
0.006745
0.007264
0.006863
0.006889
0.007105
0.006634
0.007074
0.006598
0.006442
0.006877
