0.016990
0.014308
0.014320
0.014510
0.015250
0.015811
0.014805
0.013988
0.014628
0.014174
0.015327
0.013782
0.014235
0.014905
0.013931
0.014007
0.013306
0.022782
0.013800
0.054207
0.017021
0.015768
0.014724
0.015426
0.014700
0.027890
0.014588
0.014696
0.020921
0.013198
0.014028
0.013862
0.013110
0.012197
0.019591
0.014855
0.018511
0.012965
0.020244
0.018651
0.018115
0.017110
0.014623
0.017294
0.018468
0.020297
0.015146
0.011727
0.016308
0.015321
0.012199
0.016123
0.013793
0.016003
0.013078
0.013413
0.011412
0.017508
0.013535
0.013292
0.010715
0.016536
0.012109
0.017627
0.010217
0.012284
0.010629
0.014118
0.013716
0.014492
0.010900
0.014329
0.015442
0.014071
0.022373
0.012547
0.012426
0.012731
0.018095
0.012083
0.012346
0.019952
0.024105
0.016426
0.015672
0.015564
0.017232
0.012307
0.056513
0.012743
0.011735
0.011675
0.013152
0.010422
0.014145
0.011210
0.011925
0.010895
0.010329
0.011084
0.010868
0.010978
0.010334
0.011575
0.012353
0.009876
0.013090
0.013335
0.010472
0.011574
0.010248
0.013052
0.012167
0.010990
0.012443
0.014589
0.013215
0.012686
0.014791
0.013140
0.012915
0.011037
0.010474
0.013884
0.011455
0.015560
0.013411
0.010434
0.015666
0.015082
0.012728
0.018206
0.023637
0.015293
0.013202
0.015705
0.016908
0.014632
0.009826
0.017107
0.014805
0.010558
0.009649
0.011081
0.011759
0.009757
0.011676
0.014162
0.019468
0.013560
0.014938
0.011160
0.010497
0.012613
0.017363
0.008987
0.009220
0.009744
0.014372
0.008667
0.010722
0.009852
0.013256
0.014012
0.012013
0.011303
0.011880
0.014999
0.009117
0.010848
0.008869
0.009108
0.009520
0.015852
0.009569
0.018669
0.011577
0.009556
0.025940
0.011445
0.013652
0.008878
0.010982
0.009346
0.009733
0.010680
0.013338
0.011012
0.009113
0.008622
0.009203
0.012203
0.010385
0.009603
0.009751
0.010218
0.008181
0.008795
0.012549
0.011070
0.010970
0.010779
0.010355
0.010110
0.009456
0.019231
0.013709
0.012100
0.011879
0.012896
0.009695
0.009964
0.011054
0.010106
0.009735
0.011731
0.016086
0.009181
0.010976
0.008732
0.009735
0.009388
0.008971
0.009686
0.010271
0.009026
0.009686
0.009110
0.009646
0.008286
0.008506
0.008111
0.012413
0.011968
0.008669
0.009933
0.009122
0.010699
0.009475
0.008623
0.011027
0.008544
0.009355
0.008519
0.009322
0.009028
0.008838
0.010236
0.008229
0.008090
0.008770
0.009951
0.009445
0.010192
0.009195
0.008697
0.008325
0.008352
0.010551
0.009191
0.016961
0.010229
0.012738
0.009633
0.010598
0.011719
0.009255
0.008763
0.009141
0.008011
0.010718
0.008508
0.008533
0.008029
0.007953
0.011068
0.008008
0.009159
0.009095
0.008841
0.008065
0.008903
0.008596
0.010666
0.012171
0.009440
0.008366
0.012889
0.008793
0.008893
0.060971
0.015179
0.012381
0.011837
0.012168
0.017724
0.011327
0.012368
0.010333
0.011540
0.011767
0.010299
0.011598
0.010339
0.009987
0.010298
0.013430
0.012468
0.010924
0.011396
0.010501
0.014679
0.017797
0.009643
0.013561
0.015324
0.009306
0.016267
0.010739
0.010488
0.011104
0.009838
0.010847
0.011509
0.011396
0.011759
0.017230
0.017497
0.012463
0.009418
0.009438
0.008760
0.014372
0.009996
0.009052
0.010378
0.009850
0.010370
0.009136
0.010531
0.013595
0.009427
0.010119
0.008649
0.008249
0.010250
0.010422
0.008187
0.013876
0.012160
0.030048
0.011134
0.010430
0.008521
0.010655
0.009178
0.012220
0.018505
0.011181
0.009497
0.009418
0.009420
0.008643
0.011399
0.008585
0.012755
0.008445
0.013296
0.008815
0.008988
0.009217
0.008916
0.013055
0.013360
0.008666
0.014794
0.011332
0.008452
0.012423
0.014099
0.012065
0.017704
0.011546
0.017583
0.011132
0.011290
0.008692
0.032965
0.017424
0.014436
0.013545
0.016657
0.012830
0.022935
0.013787
0.011231
0.010637
0.011617
0.011288
0.011005
0.010771
0.011716
0.013601
0.010506
0.012238
0.012836
0.013379
0.009876
0.011264
0.011993
0.017720
0.011238
0.010431
0.011514
0.020995
0.011967
0.014645
0.011148
0.014442
0.010792
0.009790
0.011614
0.010756
0.009388
0.009548
0.009650
0.011795
0.011389
0.010068
0.011089
0.010393
0.011823
0.009680
0.013809
0.010763
0.008882
0.009664
0.009990
0.010808
0.010016
0.010653
0.011965
0.012464
0.009520
0.010692
0.010387
0.009309
0.011763
0.009690
0.012046
0.011116
0.009920
0.009010
0.009368
0.012544
0.011720
0.009696
0.014692
0.011611
0.010706
0.008599
0.008906
0.009367
0.010303
0.009649
0.011238
0.010180
0.010004
0.008942
0.009045
0.009875
0.009392
0.008566
0.008951
0.008994
0.010338
0.008227
0.011295
0.009207
0.008203
0.009500
0.009765
0.008676
0.010701
0.008712
0.009326
0.010233
0.008157
0.010271
0.008729
0.008887
0.009770
0.012235
0.008880
0.008217
0.009000
0.010109
0.008850
0.008726
0.009809
0.013610
0.008354
0.008432
0.010732
0.009225
0.009006
0.009827
0.007943
0.009095
0.013396
0.008274
0.009645
0.008832
0.010154
0.008642
0.008645
0.008852
0.008557
0.011798
0.009015
0.008211
0.008381
0.008949
0.009217
0.012222
0.008929
0.012172
0.009556
0.009155
0.008553
0.009002
0.009134
0.008280
0.008069
0.008142
0.009939
0.009001
0.008061
0.008145
0.008786
0.008930
0.009327
0.010052
0.008273
0.009451
0.009657
0.008668
0.008011
0.007931
0.009167
0.008058
0.008227
0.011251
0.007933
0.009257
0.014092
0.009395
0.009395
0.008558
0.011621
0.009158
0.009179
0.010181
0.008497
0.007825
0.007840
0.010022
0.008068
0.007613
0.008914
0.008506
0.010194
0.010260
0.008373
0.008430
0.007926
0.008160
0.007691
0.007847
0.007610
0.008938
0.008862
0.009372
0.007798
0.007564
0.008470
0.008547
0.008092
0.009216
0.008321
0.010466
0.008560
0.008223
0.008119
0.008826
0.007978
0.007597
0.008034
0.008552
0.008570
0.010949
0.007974
0.008243
0.007530
0.012148
0.009910
0.014659
0.008102
0.007863
0.007701
0.007828
0.008041
0.007756
0.008537
0.008025
0.008856
0.007640
0.012802
0.009657
0.012361
0.008827
0.017687
0.011844
0.013402
0.011004
0.010239
0.010125
0.010263
0.009846
0.009585
0.010380
0.009314
0.010150
0.010100
0.009367
0.009115
0.008823
0.017742
0.009276
0.009398
0.008786
0.010656
0.011390
0.008346
0.010645
0.010242
0.008604
0.008232
0.009162
0.008727
0.008222
0.008716
0.010943
0.009572
0.015219
0.010063
0.009050
0.009062
0.010069
0.008485
0.008665
0.008698
0.009661
0.008132
0.008531
0.008527
0.007890
0.007991
0.010467
0.008082
0.008769
0.015275
0.014957
0.008071
0.008321
0.007958
0.010215
0.009002
0.008279
0.008166
0.007849
0.009413
0.009840
0.011285
0.009158
0.008778
0.008191
0.009148
0.009652
0.008602
0.007785
0.008130
0.008566
0.007942
0.008972
0.009432
0.011274
0.012761
0.015162
0.010143
0.011271
0.009410
0.010078
0.011233
0.009747
0.008796
0.008858
0.008958
0.010557
0.008297
0.012624
0.008586
0.008279
0.008330
0.009160
0.011422
0.008260
0.008011
0.009070
0.007856
0.008108
0.008387
0.007964
0.009142
0.009847
0.008186
0.008315
0.008046
0.008366
0.008339
0.008195
0.008972
0.009819
0.008803
0.009170
0.012710
0.008492
0.007896
0.007773
0.009868
0.009354
0.007949
0.008063
0.008227
0.009763
0.008905
0.008247
0.008890
0.008023
0.008761
0.007718
0.009585
0.009763
0.008286
0.008470
0.008076
0.008316
0.007997
0.007906
0.007923
0.008614
0.007853
0.008793
0.007910
0.007637
0.007781
0.007587
0.007785
0.012677
0.007820
0.007698
0.011772
0.008680
0.012319
0.010986
0.007694
0.007958
0.008786
0.008457
0.007988
0.007674
0.017008
0.013486
0.008237
0.008502
0.009565
0.007676
0.008144
0.007942
0.007716
0.008351
0.007844
0.007970
0.009745
0.008838
0.008004
0.009524
0.007603
0.008471
0.008163
0.008471
0.007524
0.007613
0.007824
0.009233
0.008361
0.007841
0.007987
0.007482
0.007549
0.008016
0.007805
0.007837
0.007802
0.007828
0.011836
0.010163
0.008334
0.009125
0.010928
0.007930
0.009319
0.008278
0.011244
0.016192
0.008930
0.020497
0.014274
0.007665
0.009497
0.008233
0.007576
0.008172
0.007452
0.007516
0.008054
0.007782
0.008623
0.007973
0.008786
0.008006
0.007849
0.007777
0.007962
0.010977
0.008633
0.008962
0.009862
0.008309
0.007621
0.008593
0.016515
0.007792
0.007785
0.011303
0.008566
0.010698
0.008976
0.008071
0.007521
0.008405
0.007885
0.007717
0.007807
0.009222
0.015124
0.012547
0.009769
0.010215
0.007719
0.007650
0.008744
0.013498
504.996826
0.019755
0.014610
0.013004
0.012713
0.011974
0.011961
0.012338
0.012388
0.011458
0.010066
0.008815
0.009006
0.014235
0.008526
0.008568
0.010739
0.008519
0.008622
0.008597
0.007991
0.008532
0.008286
0.009606
0.008128
0.007721
0.007973
0.007120
0.007505
0.006989
0.007484
0.006998
0.007619
0.009379
0.006949
0.007337
0.008338
0.006774
0.009092
0.006979
0.009236
0.007481
0.006987
0.007133
0.006697
0.009471
0.008886
0.007158
0.007090
0.014124
0.006645
0.007218
0.008721
0.006803
0.007984
0.006126
0.006387
0.008829
0.006592
0.006938
0.006880
0.006501
0.007587
0.007370
0.007673
0.008237
0.007098
0.007654
0.006912
0.012980
0.006398
0.006714
0.006554
0.006047
0.013116
0.013123
0.010636
0.007153
0.006523
0.006920
0.011049
0.012447
0.006707
0.012394
0.006349
0.008797
0.006078
0.006044
0.006776
0.007903
0.014004
0.006176
0.009635
0.005766
0.007802
0.005739
0.040845
0.012263
0.011785
0.011478
0.011880
0.011211
0.011138
0.012063
0.010936
0.010573
0.010396
0.010171
0.009707
0.010195
0.008761
0.007910
0.007929
0.008003
0.013619
0.007891
0.007289
0.007555
0.008404
0.007254
0.007740
0.009366
0.007251
0.007376
0.006866
0.014162
0.006916
