0.031171
0.013212
0.013108
0.013033
0.012731
0.012287
0.011965
0.011584
0.012106
0.011771
0.011596
0.010927
0.009572
0.008788
0.008667
0.008395
0.008172
0.008236
0.007575
0.007716
0.007215
0.007065
0.006951
0.007370
0.007107
0.006640
0.006676
0.006654
0.006865
0.006684
0.006775
0.006393
0.006172
0.006419
0.006822
0.006219
0.006338
0.006133
0.006205
0.005856
0.005832
0.005910
0.006023
0.006104
0.005889
0.005492
0.005711
0.005553
0.005919
0.005381
0.005753
0.005236
0.005471
0.005513
0.005153
0.005045
0.004630
0.004834
0.004832
0.004412
0.005008
0.004331
0.005220
0.004145
0.004473
0.004247
0.004118
0.003925
0.004101
0.003907
0.004416
0.003585
0.003756
0.004209
0.004043
0.004505
0.004045
0.003524
0.003267
0.003491
0.003631
0.003089
0.003164
0.003380
0.002753
0.003119
0.003190
0.003496
0.003419
0.003306
0.002978
0.003348
0.002929
0.002661
0.002945
0.002763
0.002978
0.002814
0.002810
0.002650
0.002874
0.002127
0.002336
0.002074
0.002120
0.002272
0.002319
0.002379
0.002045
0.002173
0.002363
0.002183
0.001803
0.002240
0.002701
0.002252
0.002113
0.001799
0.003727
0.002408
0.002183
0.002246
0.002483
0.002242
0.001967
0.002135
0.002003
0.002011
0.001611
0.001482
0.001904
0.001967
0.001559
0.002307
0.001412
0.002208
0.001558
0.001749
0.001671
0.001723
0.001277
0.001681
0.001751
0.001767
0.001856
0.002155
0.002507
0.002023
0.002588
0.001528
0.001565
0.001409
0.001304
0.001185
0.001501
0.001707
0.001278
0.001520
0.001407
0.001361
0.001450
0.001522
0.001366
0.001622
0.001234
0.001269
0.001225
0.001614
0.001270
0.001167
0.001330
0.001194
0.001256
0.001568
0.001606
0.002268
0.001334
0.001336
0.001409
0.001758
0.001566
0.001184
0.001485
0.001358
0.001155
0.001234
0.001414
0.001085
0.000992
0.001716
0.001299
0.001503
0.001796
0.002826
0.002881
0.002175
0.001433
0.001292
0.001410
0.001150
0.000834
0.000771
0.000730
0.000780
0.000732
0.000798
0.000945
0.000806
0.000673
0.000704
0.000766
0.000694
0.000761
0.000747
0.000749
0.000808
0.000817
0.000796
0.000748
0.000679
0.000678
0.000704
0.000945
0.000702
0.000744
0.000828
0.000667
0.000749
0.000690
0.000686
0.000712
0.000754
0.000780
0.000711
0.000716
0.000634
0.000740
0.000687
0.000683
0.000680
0.000714
0.000711
0.000765
0.000667
0.000675
0.000749
0.000719
0.000718
0.000682
0.000721
0.000764
0.000659
0.000676
0.000729
0.000636
0.000708
0.000709
0.000776
0.000786
0.000785
0.000752
0.000743
0.000862
0.000799
0.000787
0.000749
0.000644
0.000686
0.000766
0.000669
0.000689
0.000729
0.000651
0.000671
0.000716
0.000719
0.000710
0.000654
0.000712
0.000614
0.000695
0.000660
0.000743
0.000759
0.000875
0.000692
0.000752
0.000861
0.000787
0.000648
0.000715
0.000750
0.000724
0.000697
0.000658
0.000645
0.000646
0.000683
0.000680
0.000633
0.000693
0.000740
0.000566
0.000688
0.000648
0.000594
0.000646
0.000639
0.000689
0.000678
0.000717
0.000742
0.000695
0.000701
0.000770
0.000689
0.000764
0.000626
0.000580
0.000660
0.000639
0.000654
0.000682
0.000656
0.000719
0.000632
0.000725
0.000622
0.000571
0.000719
0.000592
0.000608
0.000652
0.000569
0.000668
0.000639
0.000680
0.000611
0.000661
0.000600
0.000592
0.000681
0.000809
0.000621
0.000671
0.000689
0.000637
0.000540
0.000592
0.000733
0.000632
0.000602
0.000677
0.000583
0.000653
0.000660
0.000603
0.000653
0.000648
0.000648
0.000682
0.000594
0.000689
0.000659
0.000638
0.000540
0.000655
0.000644
0.000729
0.000662
0.000535
0.000620
0.000605
0.000620
0.000509
0.000529
0.000537
0.000549
0.000542
0.000627
0.000642
0.000616
0.000568
0.000565
0.000655
0.000608
0.000604
0.000557
0.000574
0.000698
0.000619
0.000616
0.000544
0.000769
0.000566
0.000597
0.000679
0.000569
0.000647
0.000555
0.000547
0.000715
0.000640
0.000541
0.000566
0.000600
0.000610
0.000633
0.000620
0.000501
0.000540
0.000680
0.000578
0.000574
0.000596
0.000635
0.000564
0.000503
0.000705
0.000548
0.000549
0.000537
0.000567
0.000619
0.000560
0.000673
0.000622
0.000675
0.000691
0.000711
0.000597
0.000636
0.000573
0.000686
0.000563
0.000624
0.000585
0.000538
0.000645
0.000544
0.000592
0.000520
0.000575
0.000564
0.000582
0.000611
0.000645
0.000658
0.000708
0.000639
0.000579
0.000578
0.000526
0.000599
0.000631
0.000735
0.000494
0.000531
0.000494
0.000688
0.000473
0.000602
0.000652
0.000531
0.000570
0.000567
0.000580
0.000531
0.000640
0.000567
0.000548
0.000571
0.000583
0.000606
0.000627
0.000534
0.000486
0.000621
0.000545
0.000594
0.000612
0.000577
0.000559
0.000501
0.000604
0.000451
0.000471
0.000517
0.000555
0.000475
0.000592
0.000574
0.000584
0.000536
0.000549
0.000579
0.000506
0.000517
0.000593
0.000580
0.000685
0.000617
0.000544
0.000534
0.000513
0.000472
0.000523
0.000534
0.000488
0.000515
0.000630
0.000570
0.000701
0.000578
0.000510
0.000548
0.000608
0.000511
0.000538
0.000734
0.000656
0.000598
0.000522
0.000510
0.000514
0.000511
0.000473
0.000527
0.000520
0.000583
0.000558
0.000529
0.000549
0.000547
0.000598
0.000466
0.000485
0.000529
0.000502
0.000512
0.000601
0.000514
0.000624
0.000517
0.000513
0.000572
0.000503
0.000604
0.000535
0.000474
0.000553
0.000495
0.000507
0.000502
0.000453
0.000564
0.000451
0.000581
0.000574
0.000566
0.000560
0.000605
0.000668
0.000553
0.000550
0.000446
0.000537
0.000504
0.000474
0.000511
0.000533
0.000605
0.000614
0.000661
0.000670
0.000512
0.000494
0.000617
0.000509
0.000467
0.000555
0.000512
0.000583
0.000650
0.000700
0.000489
0.000469
0.000459
0.000586
0.000485
0.000599
0.000545
0.000532
0.000545
0.000495
0.000520
0.000491
0.000514
0.000502
0.000444
0.000407
0.000412
0.000414
0.000394
0.000518
0.000459
0.000469
0.000456
0.000405
0.000444
0.000424
0.000472
0.000468
0.000488
0.000472
0.000394
0.000418
0.000398
0.000430
0.000424
0.000408
0.000434
0.000418
0.000511
0.000484
0.000421
0.000405
0.000391
0.000441
0.000448
0.000452
0.000519
0.000387
0.000453
0.000405
0.000419
0.000420
0.000521
0.000441
0.000413
0.000420
0.000428
0.000463
0.000389
0.000515
0.000487
0.000454
0.000407
0.000481
0.000455
0.000473
0.000402
0.000429
0.000404
0.000458
0.000504
0.000455
0.000495
0.000402
0.000390
0.000443
0.000406
0.000436
0.000382
0.000434
0.000422
0.000493
0.000417
0.000454
0.000409
0.000454
0.000430
0.000449
0.000427
0.000461
0.000435
0.000459
0.000418
0.000471
0.000411
0.000474
0.000452
0.000514
0.000449
0.000437
0.000437
0.000436
0.000418
0.000360
0.000442
0.000467
0.000440
0.000393
0.000410
0.000386
0.000438
0.000483
0.000368
0.000394
0.000450
0.000397
0.000431
0.000417
0.000436
0.000426
0.000424
0.000403
0.000399
0.000405
0.000392
0.000418
0.000424
0.000366
0.000419
0.000439
0.000401
0.000381
0.000454
0.000555
0.000432
0.000409
0.000455
0.000405
0.000403
0.000462
0.000436
0.000444
0.000509
0.000406
0.000451
0.000357
0.000406
0.000384
0.000485
0.000437
0.000408
0.000452
0.000408
0.000450
0.000479
0.000419
0.000482
0.000479
0.000496
0.000418
0.000410
0.000387
0.000414
0.000366
0.000451
0.000413
0.000509
0.000418
0.000457
0.000424
0.000422
0.000395
0.000445
0.000458
0.000439
0.000372
0.000442
0.000402
0.000468
0.000408
0.000403
0.000386
0.000437
0.000452
0.000413
0.000457
0.000440
0.000456
0.000450
0.000458
0.000432
0.000430
0.000511
0.000428
0.000405
0.000389
0.000471
0.000442
0.000405
0.000350
0.000422
0.000460
0.000418
0.000431
0.000387
0.000368
0.000409
0.000441
0.000389
0.000448
0.000386
0.000494
0.000429
0.000511
0.000477
0.000422
0.000408
0.000449
0.000477
0.000474
0.000401
0.000456
0.000434
0.000424
0.000379
0.000413
0.000462
0.000431
0.000430
0.000398
0.000400
0.000449
0.000418
0.000447
0.000469
0.000480
0.000411
0.000422
0.000434
0.000391
0.000442
0.000439
0.000432
0.000415
0.000435
0.000445
0.000441
0.000425
0.000405
0.000380
0.000438
0.000467
0.000421
0.000436
0.000478
0.000378
0.000428
0.000469
0.000429
0.000466
0.000418
0.000453
0.000556
0.000415
0.000379
0.000425
0.000414
0.000388
0.000458
0.000431
0.000376
0.000436
0.000399
0.000400
0.000419
0.000486
0.000414
0.000413
0.000394
0.000400
0.000455
0.000461
0.000476
0.000462
0.000421
0.000490
0.000431
0.000478
0.000440
0.000410
0.000441
0.000449
0.000457
0.000383
0.000449
0.000504
0.000428
0.000476
0.000411
0.000437
0.000459
0.000376
0.000405
0.000378
0.000475
0.000446
0.000398
0.000441
0.000492
0.000416
0.000417
0.000470
0.000485
0.000409
0.000507
0.000380
0.000412
0.000443
0.000450
0.000473
0.000425
0.000389
0.000395
0.000358
0.000385
0.000412
0.000380
0.000401
0.000431
0.000363
0.000378
0.000489
0.000398
0.000411
0.000415
0.000399
0.000461
0.000396
0.000472
0.000457
0.000479
0.000467
0.000454
0.000458
0.000371
0.000468
0.000445
0.000384
0.000375
0.000450
0.000365
0.000417
0.000447
0.000448
0.000418
0.000444
0.000503
0.000462
0.000375
0.000405
0.000378
0.000459
0.000423
0.000369
0.000403
0.000463
0.000434
0.000396
0.000404
0.000455
0.000456
0.000439
0.000377
0.000372
0.000476
0.000399
0.000390
0.000398
0.000397
0.000384
0.000586
0.000402
0.000372
0.000353
0.000393
0.000376
0.000445
0.000486
0.000477
0.000368
0.000412
0.000398
0.000434
0.000445
0.000390
0.000419
0.000390
0.000375
0.000416
0.000392
0.000418
0.000397
0.000369
0.000396
0.000388
0.000425
0.000417
0.000390
0.000409
0.000406
0.000411
0.000472
0.000395
0.000429
0.000467
