0.185262
0.152794
0.154574
0.152468
0.150767
0.155537
0.153519
0.150224
0.148197
0.143377
0.140966
0.139821
0.138948
0.137176
0.140504
0.139481
0.136207
0.137106
0.137883
0.136285
0.135516
0.138498
0.136715
0.137876
0.135789
0.134614
0.134545
0.134778
0.134178
0.137085
0.138769
0.137664
0.136417
0.135832
0.135694
0.134510
0.136497
0.136017
0.132982
0.134588
0.139193
0.137905
0.134223
0.135759
0.136027
0.137894
0.136508
0.135769
0.134729
0.133862
0.134894
0.133345
0.133740
0.136018
0.134111
0.134220
0.133913
0.135300
0.135756
0.135102
0.138311
0.135435
0.136455
0.134581
0.136320
0.134587
0.133870
0.135434
0.134698
0.135858
0.132999
0.133801
0.133120
0.139392
0.152679
0.144950
0.140618
0.141279
0.138754
0.136948
0.135084
0.134630
0.137161
0.134261
0.134660
0.134647
0.133858
0.133573
0.133070
0.134825
0.133634
0.134187
0.133640
0.131246
0.133951
0.133584
0.132992
0.134975
0.135572
0.136125
0.133985
0.134272
0.135342
0.135640
0.134956
0.132998
0.134323
0.134875
0.134332
0.137003
0.159707
0.140066
0.137886
0.135597
0.135891
0.135079
0.135620
0.134633
0.135514
0.134458
0.134864
0.133489
0.133596
0.133367
0.133459
0.136312
0.133859
0.137231
0.133687
0.132697
0.132824
0.132327
0.133790
0.133680
0.133103
0.132644
0.133446
0.132358
0.132844
0.132055
0.132726
0.132000
0.131857
0.131689
0.131807
0.132056
0.135881
0.133440
0.132710
0.133470
0.133658
0.133198
0.133535
0.132258
0.132376
0.132445
0.132224
0.133948
0.132611
0.132105
0.132476
0.132919
0.132446
0.134046
0.134107
0.133611
0.133219
0.132201
0.132434
0.133693
0.133346
0.132261
0.133372
0.133868
0.132463
0.132872
0.133386
0.131239
0.131486
0.132795
0.132542
0.131469
0.131505
0.132290
0.132565
0.132057
0.134531
0.133403
0.133950
0.133172
0.133466
0.133171
0.133986
0.133743
0.133299
0.133857
0.132837
0.131464
0.133401
0.132312
0.132337
0.133128
0.134195
0.133133
0.131879
0.131574
0.132482
0.132531
0.133376
0.132017
0.133352
0.132813
0.134532
0.134736
0.133055
0.132877
0.132639
0.133944
0.133874
0.134390
0.133201
0.133881
0.132754
0.132725
0.133742
0.132614
0.132048
0.132931
0.133602
0.133276
0.131818
0.133836
0.131788
0.132400
0.132210
0.131980
0.136058
0.136182
0.135367
0.133719
0.134154
0.132744
0.133727
0.135996
0.138010
0.135122
0.133712
0.134272
0.136651
0.136242
0.134988
0.136314
0.135329
0.133861
0.133070
0.132322
0.132157
0.133649
0.133174
0.132902
0.132981
0.132659
0.132952
0.132706
0.133931
0.133410
0.134404
0.133839
0.134002
0.132287
0.134039
0.132063
0.241597
0.203476
0.177453
0.166889
0.165247
0.164054
0.162572
0.160216
0.159073
0.159829
0.159840
0.157789
0.156960
0.157869
0.156936
0.157415
0.155944
0.157934
0.156400
0.156028
0.157177
0.157092
0.156970
0.157190
0.156628
0.157089
0.157174
0.155332
0.163947
0.167476
0.164241
0.163030
0.160780
0.158494
0.158780
0.157859
0.157346
0.156876
0.156757
0.157284
0.155715
0.156701
0.158378
0.156124
0.156184
0.156621
0.156977
0.155957
0.155935
0.156052
0.157165
0.157379
0.157247
0.156258
0.156197
0.155730
0.157541
0.157717
0.155444
0.156191
0.157734
0.157637
0.156138
0.157506
0.154779
0.155867
0.155142
0.157509
0.157881
0.157780
0.155729
0.155316
0.155978
0.156478
0.154794
0.155855
0.157405
0.156296
0.156345
0.155285
0.155407
0.155005
0.155586
0.156363
0.156413
0.156956
0.155762
0.156010
0.156600
0.153352
0.149193
0.148582
0.147758
0.148124
0.148642
0.147761
0.147743
0.147400
0.148417
0.148193
0.148497
0.148823
0.148013
0.148276
0.146534
0.147406
0.147529
0.148671
0.147444
0.146973
0.148354
0.146997
0.146345
0.146914
0.148105
0.147248
0.146606
0.146738
0.148191
0.148104
0.146562
0.146233
0.146846
0.147039
0.146275
0.146579
0.147614
0.147550
0.147322
0.146506
0.145314
0.146696
0.146651
0.148030
0.147610
0.146954
0.148190
0.146596
0.148191
0.147240
0.147022
0.146127
0.146835
0.146632
0.148284
0.147281
0.147325
0.146670
0.147222
0.146506
0.146606
0.147551
0.148310
0.147962
0.148647
0.146464
0.148307
0.147787
0.147530
0.146544
0.147002
0.147741
0.148326
0.147639
0.147426
0.147154
0.146585
0.147520
0.146677
0.146945
0.146597
0.146637
0.146184
0.146736
0.148332
0.147410
0.146545
0.147373
0.146579
0.146399
0.146400
0.146475
0.149168
0.148089
0.147655
0.146884
0.147123
0.146409
0.146702
0.149662
0.146755
0.146714
0.148626
0.146978
0.147084
0.147923
0.147090
0.146678
0.147724
0.146360
0.146989
0.147914
0.146119
0.146919
0.146147
0.146359
0.147420
0.146937
0.146841
0.146086
0.146187
0.145993
0.146056
0.147311
0.147856
0.146954
0.146314
0.146282
0.145884
0.145810
0.146171
0.145083
0.146153
0.147103
0.146243
0.145973
0.146305
0.147100
0.145527
0.147760
0.148058
0.149117
0.146701
0.147388
0.148511
0.148179
0.148819
0.148855
0.147902
0.147930
0.147076
0.148089
0.147041
0.148269
0.146543
0.149953
0.147580
0.147336
0.147739
0.147069
0.147280
0.147092
0.146899
0.146333
0.146705
0.146599
0.146713
0.147604
0.146735
0.146283
0.147871
0.146587
0.147231
0.146015
0.146311
0.148818
0.148346
0.147464
0.146907
0.147391
0.147245
0.146909
0.146767
0.146168
0.146204
0.147309
0.148216
0.147191
0.146993
0.146596
0.146654
0.146507
0.146886
0.146275
0.146781
0.146801
0.147158
0.146552
0.146008
0.146725
0.147353
0.145908
0.146480
0.146000
0.147513
0.147596
0.146314
0.146840
0.147099
0.147582
0.147003
0.146376
0.148739
0.146409
0.147266
0.146326
0.148275
0.148550
0.147299
0.146456
0.146608
0.145899
0.146698
0.148365
0.146495
0.147690
0.146968
0.148825
0.145360
0.147447
0.146975
0.148293
0.148398
0.146445
0.146288
0.147124
0.145418
0.146788
0.145925
0.147541
0.146591
0.145655
0.147402
0.145561
0.147024
0.146739
0.146431
0.146721
0.146109
0.145546
0.146975
0.147115
0.146287
0.146716
0.146662
0.147856
0.146947
0.146537
0.146468
0.146294
0.146124
0.147987
0.146455
0.149782
0.147621
0.148825
0.147012
0.147002
0.147272
0.147066
0.146247
0.147535
0.148948
0.144466
0.139751
0.139973
0.139991
0.138491
0.138571
0.139731
0.137685
0.139623
0.137206
0.132150
0.133508
0.132150
0.133165
0.132725
0.131623
0.130800
0.131624
0.131929
0.130956
0.132161
0.130776
0.132330
0.133955
0.140885
0.135024
0.136802
0.134247
0.134260
0.132158
0.133876
0.133071
0.132814
0.132190
0.131657
0.131753
0.131331
0.133025
0.132379
0.133496
0.133754
0.130423
0.132196
0.131260
0.132312
0.131777
0.133326
0.133674
0.132693
0.131624
0.131937
0.132268
0.131658
0.132691
0.130803
0.132561
0.132538
0.129954
0.131366
0.131026
0.132575
0.130120
0.131205
0.132281
0.131381
0.130437
0.130210
0.131907
0.132257
0.130309
0.132273
0.133906
0.130598
0.132421
0.132532
0.131486
0.132289
0.132616
0.131650
0.130180
0.130196
0.131899
0.131446
0.129808
0.132392
0.131159
0.130923
0.131999
0.129797
0.133858
0.131385
0.132097
0.131356
0.130521
0.131503
0.131588
0.130156
0.133152
0.132360
0.130812
0.132538
0.130947
0.131816
0.130962
0.131550
0.131972
0.132448
0.132259
0.131129
0.130925
0.131336
0.131443
0.130186
0.131354
0.131604
0.131628
0.129583
0.131908
0.132157
0.132154
0.132282
0.132884
0.130657
0.131674
0.131297
0.130777
0.130476
0.131012
0.130692
0.131631
0.131850
0.131473
0.131346
0.131047
0.131010
0.131944
0.130929
0.132555
0.130874
0.131737
0.131387
0.131637
0.130567
0.130493
0.130787
0.130321
0.132551
0.131977
0.131526
0.131104
0.130523
0.132690
0.130905
0.132078
0.131159
0.132938
0.130671
0.131262
0.131732
0.131060
0.129895
0.133101
0.131830
0.131059
0.131232
0.131672
0.129914
0.130992
0.132056
0.130784
0.131657
0.129722
0.131778
0.130438
0.130430
0.131443
0.131152
0.130319
0.130723
0.131247
0.131958
0.131423
0.130760
0.132748
0.131294
0.131215
0.131194
0.131742
0.130336
0.131118
0.131371
0.129949
0.131539
0.131472
0.133364
0.131029
0.130913
0.132264
0.131399
0.132293
0.133193
0.131420
0.131816
0.131380
0.131067
0.131255
0.131497
0.130982
0.133250
0.132703
0.130321
0.132177
0.131452
0.132151
0.132555
0.130267
0.131335
0.132023
0.131059
0.132098
0.131381
0.131057
0.131044
0.131581
0.132407
0.130818
0.131604
0.130686
0.131096
0.130173
0.131665
0.130705
0.130090
0.131453
0.130339
0.130459
0.131183
0.131905
0.131364
0.130244
0.130480
0.130876
0.131856
0.131058
0.131402
0.131120
0.131065
0.131173
0.129504
0.132990
0.131689
0.131930
0.130584
0.129972
0.130813
0.131953
0.133233
0.132196
0.132034
0.132078
0.130870
0.130725
0.131228
0.131471
0.131540
0.131379
0.131301
0.129999
0.129950
0.131233
0.130939
0.130954
0.132487
0.131186
0.133310
0.130464
0.131012
0.131302
0.129809
0.132276
0.130931
0.130883
0.130100
0.130583
0.130265
0.130492
0.131120
0.130342
0.130765
0.131528
0.131343
0.132945
0.132295
0.132066
0.131730
0.131260
0.130488
0.132034
0.130968
0.130599
0.131351
0.130840
0.131866
0.131573
0.132799
0.131050
0.129995
0.130650
0.130744
0.131824
0.133003
0.131494
0.130289
0.130799
0.132311
0.134449
0.131405
0.130343
0.131493
0.131689
0.132182
0.132634
0.131641
0.130417
0.130377
0.130119
0.130988
0.130395
0.131430
0.131324
0.130620
0.131192
0.130359
0.131831
0.131947
0.130710
0.131655
0.132039
0.131995
0.131236
0.131362
0.130080
0.131235
0.130444
0.132533
0.131106
0.130734
0.130889
0.130326
0.130864
0.132472
0.130781
0.131174
0.131382
0.130739
0.130642
0.184134
0.206560
0.151113
0.146741
0.144793
0.142604
0.141498
0.141105
0.140034
