0.156100
0.188129
0.157495
0.164870
0.157283
0.154660
0.150162
0.158101
0.145987
0.137078
0.151156
0.143904
0.139120
0.141081
0.141916
0.140250
0.134641
0.135148
0.133353
0.134053
0.131745
0.135950
0.135748
0.138503
0.132871
0.136515
0.134492
0.133449
0.148363
0.135378
0.138439
0.136552
0.138232
0.136685
0.138642
0.137097
0.134886
0.135901
0.138783
0.135780
0.171218
0.134056
0.139248
0.157582
0.136044
0.156757
0.138418
0.134530
0.133651
0.133092
0.134814
0.135624
0.133385
0.146379
0.136672
0.136978
0.136915
0.132431
0.153962
0.144378
0.143065
0.139156
0.135148
0.227506
0.133304
0.136759
0.137577
0.134877
0.133745
0.133819
0.138912
0.141285
0.133369
0.241952
0.153754
0.144540
0.152379
0.152587
0.143465
0.136760
0.136921
0.138483
0.137915
0.132251
0.145251
0.142133
0.139124
0.133954
0.140618
0.146188
0.133260
0.137112
0.132521
0.133451
0.138236
0.134230
0.137251
0.135756
0.141997
0.134259
0.135078
0.134187
0.136409
0.140629
0.136073
0.135022
0.133856
0.138676
0.134190
0.141045
0.158501
0.134135
0.138903
0.134354
0.136686
0.140818
0.143843
0.143969
0.139734
0.138796
0.133800
0.137589
0.136090
0.136179
0.150993
0.139459
0.133493
0.132623
0.131825
0.131796
0.133423
0.136268
0.140834
0.132153
0.133766
0.134000
0.133762
0.134067
0.136489
0.139425
0.131302
0.132396
0.131360
0.130848
0.131745
0.133682
0.136112
0.133118
0.134912
0.133579
0.150421
0.131152
0.134865
0.133632
0.136967
0.145574
0.133019
0.132885
0.132999
0.132914
0.133207
0.130888
0.131837
0.131461
0.148790
0.135767
0.133576
0.133965
0.139605
0.132995
0.136945
0.136080
0.134497
0.141877
0.133684
0.136751
0.134640
0.132589
0.133565
0.138930
0.134850
0.132870
0.131930
0.132517
0.130880
0.149652
0.135439
0.135670
0.137352
0.136715
0.137206
0.138282
0.139185
0.132588
0.135088
0.134617
0.138823
0.134985
0.136779
0.134342
0.132284
0.136702
0.138070
0.140387
0.132253
0.136334
0.139920
0.132582
0.132208
0.132376
0.137711
0.135691
0.139401
0.132392
0.142018
0.135196
0.129832
0.136154
0.138455
0.134927
0.134074
0.134858
0.134026
0.133740
0.134122
0.132440
0.132287
0.133809
0.139215
0.131544
0.137418
0.134457
0.133207
0.137206
0.141454
0.149360
0.145712
0.164875
0.134772
0.136309
0.131901
0.133523
0.129796
0.165681
0.138999
0.139778
0.148954
0.135923
0.136177
0.132193
0.132656
0.134944
0.137662
0.132356
0.132315
0.135661
0.133531
0.132956
0.132862
0.137729
0.134083
0.138048
0.133236
0.130975
0.130519
0.137720
0.136272
0.138922
0.134418
0.141823
0.135500
0.133624
0.235369
0.187795
0.167552
0.163821
0.161464
0.163575
0.162255
0.162276
0.160611
0.160860
0.160375
0.157594
0.154504
0.158718
0.155893
0.157700
0.155822
0.154294
0.156535
0.154543
0.157811
0.155373
0.157132
0.157457
0.158088
0.157457
0.154849
0.153978
0.185194
0.171955
0.164178
0.168227
0.162691
0.156445
0.154863
0.158354
0.158078
0.155175
0.156261
0.156254
0.155504
0.157619
0.154949
0.153588
0.155384
0.156073
0.155759
0.154585
0.158153
0.153325
0.153676
0.157762
0.157540
0.153820
0.154970
0.158963
0.153408
0.155675
0.154753
0.159440
0.159291
0.156026
0.154199
0.155368
0.155929
0.154617
0.158455
0.163229
0.156320
0.156142
0.156135
0.157194
0.157062
0.154426
0.154385
0.161148
0.159345
0.154905
0.156156
0.156747
0.153406
0.155945
0.154607
0.157263
0.153988
0.157370
0.154714
0.156484
0.157989
0.150756
0.149171
0.147075
0.146985
0.145429
0.147291
0.154324
0.147761
0.147889
0.146411
0.148530
0.149004
0.148893
0.147786
0.147075
0.148607
0.146102
0.145576
0.147874
0.150628
0.150872
0.145210
0.148750
0.146447
0.148007
0.147355
0.145220
0.145756
0.144791
0.158715
0.147125
0.148195
0.148524
0.147439
0.144793
0.145391
0.148056
0.146535
0.146942
0.146894
0.145753
0.144976
0.146966
0.148224
0.148024
0.149241
0.145260
0.146528
0.151756
0.148661
0.145652
0.146075
0.148547
0.151623
0.144717
0.148694
0.146701
0.146074
0.147558
0.148227
0.149080
0.144388
0.145858
0.146620
0.148507
0.147933
0.146975
0.145585
0.148050
0.148170
0.147301
0.147518
0.146858
0.145040
0.148333
0.147369
0.145880
0.145290
0.146202
0.148296
0.145046
0.146089
0.146209
0.145911
0.151332
0.149287
0.145446
0.150981
0.148120
0.145526
0.144939
0.148085
0.146014
0.151851
0.148180
0.149155
0.147699
0.147080
0.146791
0.144778
0.152986
0.145989
0.145765
0.146075
0.146687
0.146825
0.147732
0.152605
0.146102
0.147220
0.146118
0.147054
0.147804
0.145676
0.145055
0.147442
0.147339
0.147945
0.146073
0.146926
0.146059
0.146894
0.146587
0.147806
0.155136
0.147530
0.150229
0.144706
0.145744
0.146446
0.150098
0.146491
0.146183
0.147085
0.146838
0.146423
0.146859
0.148798
0.146019
0.148218
0.146098
0.146152
0.145626
0.148828
0.155489
0.148375
0.153276
0.150246
0.148137
0.146886
0.147771
0.149296
0.147978
0.149206
0.145906
0.146367
0.148056
0.147769
0.149191
0.149328
0.149375
0.145950
0.148885
0.147804
0.146024
0.147071
0.146459
0.147571
0.146270
0.148435
0.144484
0.148460
0.148368
0.146956
0.147009
0.146958
0.145715
0.146906
0.148586
0.144070
0.155591
0.145388
0.147464
0.149144
0.145791
0.146574
0.149126
0.148909
0.148854
0.151154
0.145943
0.145579
0.147378
0.151650
0.145858
0.147312
0.145509
0.146060
0.146454
0.152156
0.147235
0.145439
0.145286
0.143968
0.155626
0.150621
0.145359
0.154197
0.149072
0.146828
0.148154
0.147421
0.149416
0.149907
0.144513
0.148260
0.148379
0.152873
0.145859
0.147007
0.147656
0.146118
0.149638
0.148383
0.147282
0.146431
0.145225
0.152628
0.146387
0.146235
0.146049
0.146155
0.145942
0.145104
0.154016
0.146113
0.147010
0.143102
0.147480
0.148765
0.144908
0.145814
0.146692
0.147461
0.146821
0.147520
0.147045
0.148455
0.147234
0.145578
0.145533
0.146532
0.147571
0.145293
0.148060
0.147874
0.147957
0.149263
0.144645
0.145867
0.149891
0.149779
0.149718
0.144425
0.147394
0.147771
0.145381
0.145983
0.145265
0.149389
0.147411
0.148723
0.146080
0.179906
0.146712
0.139002
0.139496
0.137876
0.136753
0.138471
0.137850
0.144160
0.140771
0.139668
0.131918
0.143719
0.133754
0.132777
0.131852
0.130805
0.129103
0.133005
0.130680
0.130737
0.130934
0.133579
0.129952
0.150339
0.145992
0.139577
0.144455
0.133164
0.139904
0.131830
0.132158
0.135582
0.131802
0.134783
0.130157
0.133406
0.132280
0.134811
0.135062
0.131423
0.132258
0.129499
0.132602
0.131314
0.131776
0.132004
0.130952
0.132760
0.131123
0.132657
0.131434
0.135810
0.132902
0.132365
0.132490
0.130145
0.130995
0.129837
0.130527
0.131163
0.132882
0.128077
0.132281
0.137830
0.128843
0.132094
0.129346
0.129579
0.129808
0.130402
0.135844
0.131313
0.138126
0.129889
0.133151
0.130205
0.137844
0.129654
0.137707
0.129979
0.131449
0.129794
0.131608
0.129409
0.135804
0.133337
0.128804
0.135008
0.135468
0.132234
0.132414
0.131336
0.131194
0.129335
0.130082
0.132008
0.132283
0.134882
0.131594
0.129333
0.129399
0.128812
0.130377
0.131031
0.130263
0.131593
0.130818
0.138871
0.133514
0.129643
0.129064
0.129867
0.132517
0.145533
0.132976
0.134776
0.129295
0.131766
0.137250
0.130321
0.133489
0.131817
0.138158
0.134560
0.128136
0.132369
0.131874
0.131070
0.129345
0.132895
0.133113
0.132138
0.130735
0.130422
0.134544
0.130170
0.128954
0.136884
0.141019
0.133656
0.136679
0.129915
0.130916
0.130699
0.134238
0.129165
0.136164
0.129038
0.129015
0.133166
0.130821
0.131442
0.131100
0.134445
0.134449
0.130393
0.132128
0.131205
0.135898
0.131155
0.129293
0.131991
0.129258
0.136049
0.129496
0.133877
0.132844
0.129862
0.136549
0.128977
0.132889
0.138698
0.130701
0.129307
0.129249
0.129905
0.129572
0.133836
0.132365
0.137835
0.131296
0.130189
0.130955
0.131969
0.142725
0.132536
0.131381
0.130040
0.131225
0.130693
0.134532
0.135131
0.132830
0.146585
0.131885
0.130526
0.132117
0.130512
0.134402
0.132358
0.130673
0.129238
0.132305
0.129985
0.134288
0.131755
0.129683
0.134048
0.136217
0.130618
0.129308
0.129683
0.133681
0.132822
0.129464
0.131168
0.130670
0.133870
0.131737
0.131923
0.129036
0.130799
0.130176
0.132421
0.130028
0.137575
0.130988
0.130108
0.129812
0.129968
0.130230
0.130493
0.132188
0.129716
0.128473
0.133160
0.132427
0.135545
0.132382
0.130258
0.134360
0.128941
0.132901
0.133108
0.132215
0.135282
0.134654
0.131874
0.131630
0.132981
0.130490
0.134400
0.131909
0.129987
0.131707
0.133709
0.131393
0.129407
0.134767
0.129085
0.129477
0.129541
0.128534
0.130390
0.134253
0.129092
0.131283
0.130137
0.130242
0.132686
0.134745
0.132241
0.134077
0.132865
0.131055
0.128234
0.130749
0.130507
0.138097
0.130026
0.132171
0.131027
0.132907
0.129435
0.134407
0.132182
0.130771
0.132132
0.139240
0.133212
0.130639
0.132442
0.133779
0.130210
0.131551
0.132583
0.132593
0.132451
0.128633
0.132894
0.129964
0.132910
0.129928
0.134257
0.132785
0.129535
0.131020
0.129312
0.132450
0.134649
0.131373
0.134184
0.133714
0.131031
0.131251
0.138724
0.130263
0.131742
0.128712
0.130977
0.134485
0.132599
0.130042
0.130632
0.130883
0.129991
0.130787
0.132022
0.131403
0.130656
0.129088
0.130276
0.130806
0.133154
0.130593
0.130455
0.135690
0.129928
0.131394
0.130949
0.128851
0.135175
0.131501
0.130555
0.129910
0.130659
0.130546
0.130270
0.131341
0.132830
0.130946
0.129306
0.130007
0.130538
0.130018
0.129752
0.173419
0.157901
0.147556
0.147603
0.144870
0.140470
0.143035
0.141745
0.140311
